1.04680 -17.28730 1.3867884948e+01 1.9584192645e-01
2.46270 -45.69880 1.3419490829e+01 1.9814604138e-01
4.96840 -8.77540 1.3590272959e+01 7.4066942216e-02
6.65760 -43.63140 1.3756578522e+01 2.2433292969e-01
6.67800 -42.25760 1.3370278339e+01 2.0748289902e-01
7.70360 -23.73940 1.3449989953e+01 4.0679808195e-01
7.95850 -48.75530 1.4032016306e+01 1.3610673749e-01
10.43440 -46.03710 1.3210878891e+01 3.4658931512e-01
10.93620 -57.41520 1.4007456450e+01 1.6690080176e-01
11.00650 -17.93880 1.3447565956e+01 1.6893256776e-01
12.77050 -50.93930 1.3402304077e+01 4.6121862585e-01
14.75660 -29.31030 1.3980293793e+01 1.8020872031e-01
15.71410 -31.50510 1.3843542702e+01 2.8225921924e-01
15.84980 7.93700 1.3008665567e+01 3.1600922249e-01
16.61840 -46.67170 1.3672163316e+01 1.0720468963e-01
16.63110 -9.79270 1.3391769174e+01 6.0650391564e-01
17.04890 -41.44030 1.3719642803e+01 2.7497219679e-01
17.18760 -55.19920 1.3348068539e+01 4.7988657152e-01
17.25700 -10.13570 1.3526001495e+01 1.1028968127e-01
18.71010 -7.87670 1.3355715004e+01 4.3064115155e-01
18.89240 -45.48560 1.3662147515e+01 2.1841373517e-01
19.56290 3.66040 1.3376111272e+01 3.8871272268e-01
21.11540 -8.13780 1.3583426249e+01 9.5615042534e-02
21.51260 -14.55350 1.2664673086e+01 6.7416713194e-01
22.18610 -43.27310 1.3354528201e+01 9.7701900151e-02
22.50530 -21.58430 1.3943477162e+01 1.6105590114e-01
22.90320 -49.02780 1.3768184023e+01 8.5590095817e-03
22.98820 15.39070 1.3287225453e+01 1.7184047734e-01
23.76400 -15.63180 1.3413251651e+01 5.7894089720e-01
24.50930 -57.19240 1.2112820200e+01 1.0112772372e+00
24.81990 -21.23120 1.3994193005e+01 1.5075753328e-01
25.02950 -56.15230 1.4049542969e+01 3.8563693365e-01
25.47200 5.53160 1.3000493943e+01 3.0652189712e-01
25.60880 -36.78840 1.3460929983e+01 5.9315385408e-01
25.63460 -32.28300 1.3180311195e+01 5.0180528523e-01
25.70550 -53.69690 1.3930615629e+01 1.6636762125e-01
26.12300 -15.89370 1.3633073563e+01 1.3494925564e-01
26.46400 9.20140 1.3216361380e+01 2.3406172172e-01
26.51340 -25.00900 1.3398715632e+01 4.4854657431e-01
26.60870 -53.47850 1.4169454649e+01 6.1981123449e-02
27.50410 -10.64320 1.3987241231e+01 1.0706366111e-01
27.97310 -10.29200 1.3535591518e+01 1.0015046342e-01
28.49920 -46.25980 1.3234874335e+01 1.3057714220e-01
28.50230 3.23040 1.3495051535e+01 1.4933473058e-01
28.50280 19.33670 1.3875004205e+01 1.3988163973e-01
28.68250 -42.45420 1.4085378695e+01 9.9653422761e-02
28.78100 20.85070 1.3672497743e+01 1.5450990529e-01
28.78900 -67.60460 1.8461594374e+01 -3.2426666794e+00
29.07170 -51.56630 1.3626811186e+01 1.5508604159e-01
29.26970 -22.48430 1.3679071154e+01 -7.8773986599e-03
29.37820 -47.34280 1.3663957186e+01 1.2209310100e-01
29.60470 23.63840 1.3850122885e+01 1.1952742793e-01
29.76000 -61.52760 1.3878979701e+01 1.6885778194e-01
30.10400 -21.03570 1.3219513308e+01 1.6709710021e-01
30.40920 -29.95980 1.3360797422e+01 4.1961063005e-01
30.62500 2.80570 1.3874814386e+01 1.5848383157e-01
30.91070 0.17030 1.3759294781e+01 2.4669278677e-01
31.22060 -29.25510 1.4251582293e+01 1.2788907961e-02
31.91660 23.50380 1.3264114675e+01 1.5042559515e-01
33.32320 -30.68310 1.4152352625e+01 5.3761247347e-02
33.36620 8.88740 1.3273071158e+01 2.4841855598e-01
34.20510 -51.47190 1.4218855449e+01 6.1986891163e-02
35.47710 -68.61970 1.3662140145e+01 4.9992320497e-01
35.61310 -10.73790 1.3228565992e+01 5.8661701185e-01
35.66330 -0.84530 1.3236442700e+01 5.5159984146e-01
35.73520 -23.77680 1.3817222058e+01 9.6535378464e-02
35.80460 -51.05260 1.2768217763e+01 1.2553687245e+00
36.28620 -60.27270 1.3669277686e+01 3.2462111365e-01
36.32190 10.64980 1.3347067506e+01 5.3276616688e-01
36.59330 -12.25130 1.4132626686e+01 5.8792604342e-02
36.82640 -47.66480 1.4386194687e+01 -4.6634450261e-02
37.09950 -33.77220 1.4240205282e+01 -8.6094929187e-04
37.15620 8.49890 1.3938433044e+01 1.2921398897e-01
38.12570 -15.20630 1.3902099212e+01 7.7549625380e-02
38.55710 -28.19420 1.4266125965e+01 2.4974591982e-02
39.08370 5.63110 1.3201642978e+01 3.4016750272e-01
39.42330 -52.50540 1.3909600504e+01 1.8547713794e-01
39.93110 -68.22960 1.4032197215e+01 2.1418875221e-01
39.98290 0.36590 1.4116755706e+01 8.7134143800e-02
39.99650 -11.83480 1.3967050890e+01 5.1921527158e-02
40.03300 -42.85440 1.4245637712e+01 -3.2445890551e-02
40.23300 -54.51270 1.3716568210e+01 2.4464534837e-01
40.25270 -39.81820 1.3575516239e+01 9.0244036466e-02
40.71260 -50.76340 1.3510136571e+01 3.8634351601e-01
40.93910 3.27260 1.4028097740e+01 5.3860427940e-02
41.13480 -13.82200 1.4180613919e+01 5.0717002739e-02
41.35340 10.15070 1.3757832369e+01 1.2597548421e-01
41.35910 12.48240 1.3469620744e+01 3.3093233344e-01
41.37710 -18.53600 1.3867547419e+01 7.2385785366e-02
41.41990 -67.58010 1.3355985372e+01 6.7975956750e-01
42.30450 -62.77050 1.3943801113e+01 2.2334867085e-01
42.36390 -32.36990 1.3743229502e+01 3.2812242868e-02
42.44560 17.50030 1.3680511005e+01 2.8105334259e-01
42.57040 -27.90610 1.4330385651e+01 -8.8747991655e-02
42.62500 27.29640 1.3690208203e+01 1.7991910487e-01
42.64990 -35.80780 1.4155385334e+01 2.2062378309e-01
42.75670 -35.64010 1.3546909364e+01 4.1172879773e-01
42.85910 -20.96830 1.3623741555e+01 9.9185251849e-02
42.99430 15.11770 1.4506393896e+01 -1.3027087819e-01
43.47880 -38.40160 1.2026373854e+01 1.9333484901e+00
44.21360 -8.86320 1.3580270612e+01 5.6818206199e-02
44.26580 -3.67740 1.3818861112e+01 1.9026443704e-01
44.44600 -23.82740 1.3969388369e+01 1.0472189382e-01
44.64840 -40.27000 1.3982299264e+01 8.3686101736e-02
44.74080 -64.03670 1.3736028439e+01 3.5566847090e-01
44.78570 -2.74830 1.3944039249e+01 1.3645447535e-01
44.92850 21.37490 1.3952746941e+01 1.0309552916e-01
44.99660 -25.23970 1.3870539821e+01 1.8867059095e-01
45.03210 -2.43050 1.3854427971e+01 2.7558394131e-01
45.04620 8.94180 1.4082883445e+01 5.9794306496e-02
45.68450 4.12380 1.3295591085e+01 7.1089483462e-02
45.69480 -23.59040 1.4067206850e+01 3.3606632452e-02
45.70860 4.38690 1.4133929568e+01 1.8996711028e-01
45.78350 -7.65150 1.3083106773e+01 5.8244879448e-01
45.95560 -59.70390 1.4013767798e+01 7.7587111270e-02
46.17620 -7.56710 1.3912699297e+01 1.3324511365e-01
48.03240 19.75930 1.3506892198e+01 8.3425358672e-02
48.11090 -28.95510 1.3914403709e+01 -1.4482409702e-03
48.30480 -1.16370 1.3783569306e+01 9.5022745454e-02
48.85160 21.07650 1.3972385787e+01 9.0271810507e-02
49.06480 -8.78780 1.4051691531e+01 9.9251732095e-02
49.48310 -62.54370 1.4227385983e+01 4.5621880461e-01
49.59430 -62.47480 1.4217919007e+01 2.6486188701e-01
49.60250 -28.76550 1.3731985717e+01 4.3568596337e-01
49.68880 -22.47960 1.3852246774e+01 -3.5178677887e-02
49.77110 -18.52830 1.3059879260e+01 8.9104036033e-01
49.95470 3.40160 1.3898080251e+01 -2.2917246254e-02
49.97640 -21.72650 1.3428100534e+01 1.2895944324e-02
50.05910 -43.03850 1.3881077197e+01 -6.8544885407e-03
50.43340 21.17820 1.3114486893e+01 5.4782514314e-01
50.44570 -23.60410 1.3521800814e+01 3.7681830364e-01
51.32140 9.05930 1.3650605828e+01 5.2154822730e-02
51.91100 9.76280 1.4108956758e+01 4.9700834792e-02
52.38110 -62.90780 1.4180999172e+01 -1.2080905892e-01
52.50350 -12.64510 1.4016175417e+01 1.0406397562e-01
52.55630 -42.60460 1.4065016089e+01 1.5912105666e-01
52.72180 11.36600 1.4198134104e+01 1.2686716097e-02
52.72400 -47.34560 1.3768387447e+01 5.3343561811e-01
52.73850 -66.46020 1.3786360499e+01 4.5247237821e-01
52.76310 -5.04560 1.4152262091e+01 5.8739122966e-02
52.83920 12.96610 1.3542724944e+01 7.0992459378e-02
53.26830 9.40260 1.3301766962e+01 6.7559438597e-01
53.33830 -9.42910 1.3703864008e+01 5.1506606678e-02
53.54350 -21.60390 1.4302315452e+01 -3.8130290473e-02
54.09460 -11.16520 1.3144938454e+01 6.8113202756e-01
54.17220 -17.43850 1.4357407355e+01 -2.8501442754e-02
54.33060 0.43010 1.3978362151e+01 1.1291277787e-02
54.35220 -40.24610 1.3732866193e+01 -2.4092544488e-02
55.26820 -5.18290 1.4367720940e+01 -4.9984877060e-02
55.64910 -31.91080 1.4316254346e+01 -1.7895865505e-02
55.79000 -37.28610 1.3700940734e+01 -2.3826986702e-02
55.91720 -9.73610 1.3756021656e+01 7.9368758026e-03
55.99560 -10.45840 1.3958832771e+01 1.5014930793e-01
56.07610 -64.77970 1.3773881714e+01 -2.3885519662e-02
56.23840 -1.13600 1.4221081449e+01 -3.2399426592e-02
56.53490 6.07690 1.4191964613e+01 -4.5212581639e-03
56.63890 -12.07480 1.3419076840e+01 3.5905025029e-02
56.70350 -29.31140 1.3833875231e+01 3.8894912321e-01
56.80660 -23.22300 1.3957167138e+01 1.6843885429e-02
57.00920 -23.84810 1.4158569912e+01 2.4877049356e-02
57.07180 -30.14140 1.3908023836e+01 8.2440397958e-02
57.18790 11.16970 1.4236788306e+01 1.4040358230e-03
57.23000 -37.59380 1.4260802559e+01 -3.0130580021e-03
57.42720 24.16300 1.5686265324e+01 9.4647193402e-02
57.44560 -36.17400 1.3818268390e+01 2.1907308348e-02
58.11780 6.56070 1.3932402382e+01 1.6731327343e-01
58.28180 -5.33560 1.4286823743e+01 -4.1883289460e-02
58.49560 -34.70680 1.4357711921e+01 -5.3523789198e-02
58.52100 -24.58680 1.4210891789e+01 3.4875102807e-02
58.67330 -40.33170 1.3749613436e+01 2.9672468668e-01
58.68290 -2.92940 1.3757296220e+01 4.5253651832e-02
59.60940 -13.48380 1.3475405039e+01 5.8934974047e-03
59.72140 -61.37560 1.3665009874e+01 -1.0331213569e-01
60.25630 -62.13510 1.3522338584e+01 -8.8070839773e-02
60.25660 -30.46650 1.3963547878e+01 2.9473697333e-01
60.29150 12.51450 1.4077952004e+01 4.8791596981e-02
60.36110 -61.05470 1.3357744422e+01 2.5130705589e-01
60.49450 -1.52560 1.4281758106e+01 8.9007942873e-03
60.56180 10.02200 1.3529210176e+01 4.8835342578e-01
60.76500 -0.24510 1.3628211141e+01 2.6222110354e-01
60.90560 6.01300 1.4143317724e+01 1.0863685552e-02
61.05200 5.45920 1.4324322381e+01 -8.5262628182e-02
61.10410 8.22080 1.3633064220e+01 3.1423320349e-01
61.15530 2.85050 1.3865404242e+01 1.0039231101e-01
61.30320 22.10540 1.3579199440e+01 1.3506442073e-01
61.49570 -27.62850 1.3856150442e+01 2.2648692385e-01
62.42370 -16.36330 1.4379843387e+01 -3.1159440099e-02
62.70070 -6.90150 1.3484060680e+01 3.4349922372e-01
62.78390 -41.97130 1.4061797282e+01 1.5070821867e-02
62.95080 5.54520 1.3060121406e+01 8.3002801049e-01
62.99680 -20.33400 1.4021384662e+01 2.4956189284e-01
63.07330 -6.81550 1.4103587026e+01 -4.9652755513e-02
63.50590 7.73780 1.4072970737e+01 -3.5731709201e-02
63.57290 -42.27270 1.3663985974e+01 5.1529687593e-02
63.60410 9.28550 1.4069089092e+01 -1.9095185734e-01
63.63460 -62.45220 1.3846063557e+01 -6.5028454258e-02
63.70290 -10.23470 1.3639966902e+01 3.9270981050e-02
63.73160 -62.17020 1.2106338235e+01 1.5130878194e+00
63.77080 10.03300 1.4261859933e+01 -2.7830307044e-02
63.92420 -7.63140 1.3851148723e+01 -4.7360393018e-04
64.00250 8.91380 1.4162727131e+01 -1.6058322999e-03
64.06370 -51.46530 1.4145129946e+01 -9.6656759160e-03
64.15920 -59.28090 1.3888427721e+01 -9.9756896621e-02
64.44270 -63.23440 1.3718595681e+01 5.6596314666e-01
64.44380 20.59970 1.3732685716e+01 1.7816072825e-01
64.55630 -33.77740 1.4235912148e+01 4.2730248529e-02
64.88870 -44.24720 1.3384414563e+01 4.1125751094e-01
64.98790 21.16290 1.4432156559e+01 -1.4610209934e-02
65.03270 21.79410 1.2516178949e+01 8.9408341492e-01
65.07280 15.64820 1.3687539370e+01 1.6676966237e-02
65.11360 14.05570 1.3355615744e+01 5.3897101786e-01
65.25800 -20.61920 1.4197520897e+01 1.5446873187e-02
65.27530 15.11590 1.4012478064e+01 4.6424493459e-02
65.28470 -7.57210 1.4198950505e+01 6.7835694119e-02
65.49590 -63.36620 1.3305122993e+01 4.8850411841e-01
65.85990 17.56250 1.3674365388e+01 4.2304047626e-02
65.97990 16.79710 1.3388839281e+01 5.7163398603e-01
66.02940 -3.72560 1.4248674144e+01 -6.7663018177e-02
66.08540 9.48080 1.4135528259e+01 1.0810332991e-02
66.09130 -33.99710 1.3505082733e+01 2.3850792570e-02
66.15010 17.46390 1.4025754824e+01 1.2523813721e-01
66.47270 22.31340 1.4189916702e+01 9.6417189598e-02
66.48450 22.21950 1.5347681860e+01 5.7330716723e-02
66.49900 17.94740 1.4152222905e+01 2.5245458193e-03
66.70780 22.83290 1.3872127632e+01 8.6658963699e-02
66.71100 15.63760 1.4105760681e+01 -1.2933177062e-02
66.77540 14.73300 1.3814224041e+01 -6.3604378492e-02
67.24700 1.39970 1.4464211505e+01 -1.8494399660e-01
67.26870 15.98110 1.5020566235e+01 -2.6305232190e-02
67.28190 19.19930 1.3606125948e+01 4.6357093581e-02
67.29040 15.88970 1.4457281806e+01 5.7330580673e-03
67.33150 13.06640 1.4136341790e+01 -4.9518183106e-02
67.38050 -13.02960 1.4441955466e+01 -2.0948730964e-02
67.66050 15.65640 1.4835452380e+01 -3.9164430266e-02
67.76530 16.21250 1.4294576432e+01 -2.1378744344e-02
67.77580 -44.93530 1.4323186772e+01 4.0470617474e-02
67.77880 13.74290 1.4125363807e+01 -3.3315724180e-02
67.78680 15.71030 1.4886999033e+01 -1.4173279792e-01
68.08150 -0.02580 1.3652089118e+01 -4.8672554409e-02
68.26600 -3.19150 1.4657868559e+01 -2.9412612042e-01
68.46350 -29.74860 1.3716664628e+01 1.3814109159e-02
68.58480 -6.72110 1.4707783190e+01 -1.4877880406e-01
68.58630 14.86230 1.4161553335e+01 -6.4230360300e-02
68.65100 5.58640 1.4329766181e+01 -1.0819652149e-01
68.65400 -8.21360 1.3472943039e+01 2.9106541442e-01
68.97290 -30.54480 1.3686777149e+01 7.4323251507e-02
69.03380 10.17830 1.4202700373e+01 -4.6942751663e-02
69.10570 16.52670 1.3369316186e+01 4.0144721673e-02
69.18920 -3.33510 1.4343889271e+01 -5.0100168994e-02
69.41990 1.01550 1.4468294180e+01 -1.6074155891e-01
69.51070 -2.45650 1.4404159870e+01 -2.0173597533e-01
69.64550 -14.28700 1.3623627483e+01 5.3234051486e-02
69.66160 12.52780 1.4151933379e+01 -2.2438626556e-02
69.82540 -12.10630 1.4287090698e+01 -1.0108874473e-01
69.89410 7.88780 1.4260542061e+01 -5.7620694848e-02
69.91340 15.81660 1.5047081865e+01 -4.0710707954e-02
69.93250 -14.34240 1.2973127001e+01 7.8237157780e-01
69.94390 15.93470 1.4661543127e+01 -3.9761790916e-02
70.11960 -24.46580 1.3726170495e+01 1.5908653828e-01
70.13620 12.21420 1.4150415220e+01 7.0882253191e-02
70.20620 -19.65500 1.3421625380e+01 2.6067451444e-02
70.21150 -41.84720 1.4067049335e+01 4.5324322575e-03
70.59180 -37.12810 1.4069055194e+01 2.1892526167e-03
70.69280 22.97310 1.4007879494e+01 1.1274044679e-01
70.74560 -70.91500 1.2829194155e+01 1.1153142856e+00
70.74980 -50.46530 1.3738186346e+01 1.2584366367e-01
71.12130 -59.71700 1.4188717763e+01 -9.0492474710e-03
71.12740 -8.48780 1.3143922105e+01 7.9679599343e-01
71.12980 -18.65080 1.4544589390e+01 -2.5673457217e-01
71.22880 11.16190 1.4159296141e+01 -5.3341437353e-02
71.48510 -3.23910 1.4198944973e+01 4.1153082468e-02
71.62890 11.72100 1.4005581534e+01 7.6852378847e-02
71.99920 -16.91940 1.3627555361e+01 3.0894477543e-01
72.23410 -16.31460 1.4009833352e+01 1.3625974836e-01
72.25910 -5.65920 1.3312022557e+01 6.7784100056e-01
72.57780 6.97590 1.4107193446e+01 -8.6076955461e-02
72.64700 -16.20260 1.3711244658e+01 5.8088343549e-02
72.77240 8.91460 1.4264829289e+01 -7.1750736028e-02
72.77980 -53.44710 1.4594439916e+01 -8.3683816070e-02
72.91820 5.61950 1.4294963275e+01 -2.9787084235e-02
72.94720 -34.89200 1.4333633445e+01 -9.6262939376e-02
72.97160 18.85420 1.4076997513e+01 -1.2208413703e-02
73.25710 14.26470 1.2210014482e+01 8.3116259062e-01
73.33130 -5.43870 1.4024545753e+01 4.9304893991e-02
73.67700 2.45440 1.4242495552e+01 2.2634037874e-02
73.81690 11.43960 1.4097122736e+01 6.3845696841e-03
73.81760 7.79270 1.3677611434e+01 1.1759594933e-01
73.82370 0.48080 1.2164333133e+01 1.7882309491e+00
73.84430 10.16440 1.4273072014e+01 -8.0192457594e-02
73.87640 -16.72710 1.3236764534e+01 6.6012170006e-01
73.92600 -16.40420 1.2367634853e+01 1.5040902476e+00
74.08360 15.05370 1.3691417870e+01 4.3556843544e-01
74.20860 -5.15810 1.4338668446e+01 2.2248843746e-02
74.21620 13.52780 1.3657634586e+01 -9.7562616741e-03
74.75060 1.72690 1.3843373158e+01 -1.7055086013e-01
74.85400 -16.36330 1.3502385557e+01 4.8846324158e-01
75.06380 -10.25070 1.4046036777e+01 -3.2168899156e-02
75.08390 -12.52480 1.4064175746e+01 2.2623847204e-02
75.45150 -20.03960 1.4207409180e+01 3.9816234870e-02
75.46590 -7.16170 1.4253087081e+01 4.9274976392e-02
75.62970 -26.26290 1.3638302285e+01 9.3701549646e-02
75.65180 -71.30220 1.2271809955e+01 1.3133155520e+00
75.76040 -49.13940 1.3797299810e+01 2.2924610948e-01
75.90470 21.60190 1.4037638075e+01 1.3484109175e-02
76.06260 -24.37640 1.3978736805e+01 1.7636740372e-01
76.18010 -35.47130 1.3677460061e+01 2.3887018746e-02
76.26740 15.41570 1.4220930968e+01 -3.7211086720e-02
76.29830 -49.56630 1.3360636873e+01 2.8875359439e-01
76.41560 -57.46120 1.3975728195e+01 4.5818391086e-02
76.45790 -22.35960 1.3526116918e+01 2.7032527944e-02
76.90920 -63.38860 1.2293390622e+01 1.2011426881e+00
76.95560 -12.48020 1.3530334841e+01 7.1103517370e-01
76.99060 18.65610 1.3730990038e+01 7.3568159215e-02
77.07030 -5.07550 1.4090988793e+01 3.2877231082e-02
77.08140 20.42930 1.3769884038e+01 2.0965232086e-01
77.08960 8.50940 1.4268264230e+01 -1.4800942940e-01
77.18900 -8.65450 1.0784174356e+01 3.4950689682e+00
77.29050 -4.44540 1.4139039302e+01 -1.1790016751e-01
77.39140 -8.74340 1.4206298825e+01 1.0232502768e-01
77.45220 9.84020 1.4030799316e+01 7.7797710450e-02
77.55020 15.60780 1.4198181403e+01 -1.1691121818e-01
77.93990 -2.48060 1.3645177570e+01 4.8949199067e-01
78.17670 -11.85920 1.4233300150e+01 4.9430900887e-02
78.33110 -16.19560 1.4210459644e+01 4.8251120837e-02
78.40890 -12.93150 1.4235766708e+01 3.3866736981e-02
78.43730 2.87110 1.3802013045e+01 -1.2492900439e-01
78.43810 -67.17550 1.3920488971e+01 -1.5537713973e-01
78.69760 -35.96740 1.3269388834e+01 7.5543846968e-01
78.73970 -8.19210 1.2555752335e+01 5.5875711739e-01
78.93930 -26.93410 1.4219028050e+01 5.4009663923e-02
79.13890 11.35060 1.4047118230e+01 1.0814054617e-01
79.44990 -34.88630 1.3822651757e+01 -6.0810453791e-02
79.51820 -13.51090 1.3276648677e+01 5.1234719902e-01
79.80670 -18.12140 1.0620997061e+01 3.3642602976e+00
79.89590 -50.59740 1.3879059336e+01 1.5505461482e-01
79.91100 2.60440 1.4480703352e+01 -3.2673881554e-01
79.93590 -27.36030 1.3617995772e+01 6.3579157949e-01
79.99470 -13.16830 1.4333829659e+01 -9.7919003977e-03
80.09750 -12.30720 1.4340590956e+01 -5.0896366461e-02
80.20560 -21.23140 1.4254993258e+01 -1.1551409792e-02
80.49440 -0.40840 1.5560442966e+01 1.2285210050e-02
80.53260 -24.76490 1.3822038802e+01 7.6005386219e-02
80.55070 8.43660 1.3940005619e+01 2.7291205562e-01
80.55240 -0.37440 1.4620411384e+01 -1.5431039438e-02
80.82340 3.55230 1.4451379930e+01 -4.0705989293e-02
80.93210 -8.40790 1.4060085638e+01 2.9710912792e-01
81.03820 -0.15220 1.4357018103e+01 -5.7076960722e-02
81.09230 -7.80050 1.3674548061e+01 5.6144330536e-02
81.21610 -16.96830 1.4174743817e+01 6.7558364758e-02
81.22930 -2.38970 1.4272170240e+01 9.8623904621e-03
81.23180 -0.88390 1.4160217831e+01 -6.2677024265e-02
81.23320 17.39100 1.4109802329e+01 -7.8713143437e-02
81.30040 1.85390 1.4505742295e+01 9.8912514665e-03
81.40020 6.35700 1.4035979713e+01 1.0740137015e-01
81.59410 -19.68820 1.3920910051e+01 2.4870117417e-01
81.61250 -58.90540 1.3482353716e+01 2.9808174340e-01
81.82400 3.10260 1.4387439337e+01 -3.7211417892e-02
81.84240 -40.93660 1.3979163826e+01 2.3788467440e-01
81.91980 17.96910 1.4177151268e+01 2.3572778374e-02
82.04020 21.94380 1.4050917424e+01 9.4093104067e-02
82.06580 15.88080 1.3870908135e+01 2.6061986344e-01
82.13930 -37.22410 1.4185116935e+01 2.6318117553e-02
82.15510 -20.75280 1.3731374005e+01 4.6375825337e-02
82.45790 -3.44000 1.0418349175e+01 3.3440058519e+00
82.54440 -1.08590 1.3657506883e+01 -7.3694968454e-02
82.59180 1.79560 1.4386896076e+01 -6.2097236182e-02
82.59960 -47.07140 1.4261895694e+01 6.0074249152e-02
82.81320 5.95430 1.4264635327e+01 -2.0651678023e-02
82.87540 -20.85760 1.4111987393e+01 9.2538784690e-02
82.88080 -35.46440 1.3858786427e+01 -1.1100059086e-01
82.92540 3.29820 1.4468068858e+01 -6.9069867802e-02
83.08860 -7.29560 1.4310884128e+01 2.0226223608e-02
83.11350 -0.29320 1.4120772122e+01 9.2918030429e-02
83.18150 18.60010 1.3167945044e+01 7.4995775008e-02
83.18580 17.06400 1.3588990213e+01 3.8327128393e-01
83.26010 -64.22180 1.2952703801e+01 8.1191077227e-01
83.27910 -17.81650 1.3754759923e+01 2.0379615075e-01
83.28300 -1.58610 1.4550679251e+01 7.3122969844e-03
83.28780 -38.50760 1.3072768340e+01 7.4036444358e-01
83.35880 -35.13370 1.2562826475e+01 1.3997135385e+00
83.42550 -62.48420 1.3517513528e+01 -4.8172228075e-02
83.51010 18.54580 1.3994870129e+01 2.3182488200e-01
83.60060 14.31110 1.4266535421e+01 1.8783393659e-02
83.68520 3.77230 1.4458034638e+01 -2.0174325574e-01
83.82530 9.49490 1.4350205537e+01 -2.2528853470e-03
83.89500 -33.07450 1.4455667122e+01 -4.1211100596e-01
84.16450 -1.19690 1.3855948472e+01 1.8278017562e-01
84.16450 -1.19690 1.4479018298e+01 -6.8522879912e-02
84.25570 -6.05980 1.4892061613e+01 -3.1386466494e-01
84.34660 9.29550 1.3739457840e+01 6.5598345009e-03
84.34660 9.29550 1.3786775972e+01 1.1498516129e-02
84.52150 -28.68500 1.4126345811e+01 1.5430315410e-02
84.52150 -28.68500 1.4244984416e+01 4.0346249405e-02
84.75170 -40.70280 1.4350394713e+01 6.7314082638e-02
84.76470 -6.56950 1.4441990759e+01 1.3203928570e-02
84.79640 -2.59560 1.4493180726e+01 -3.3733371069e-02
84.79640 -2.59560 1.4041864770e+01 6.0241811256e-02
84.91200 4.12580 1.4359451848e+01 -4.0361640993e-02
84.91200 4.12580 1.4058710338e+01 1.1905674180e-01
84.99150 -34.06980 1.3476618915e+01 4.7045789766e-01
85.03870 -32.62500 1.3610359451e+01 3.1820743286e-01
85.32240 -1.12480 1.4482127539e+01 -1.4358501087e-01
85.45030 16.53810 1.4323164339e+01 -6.2271991519e-02
85.64180 -34.66410 1.4460641351e+01 -1.4728812582e-01
85.64180 -34.66410 1.4331992524e+01 -4.9539682962e-02
85.73260 1.47830 1.6171328661e+01 -1.8912361700e+00
85.93610 -18.55400 1.4597014412e+01 -3.2516980302e-01
86.20780 -22.44510 1.4089124850e+01 -2.5697514976e-02
86.20780 -22.44510 1.4298523184e+01 -8.1196085567e-02
86.58090 -32.30350 1.3645282715e+01 3.8139250385e-01
86.67470 -46.59430 1.3917995493e+01 1.3507208889e-01
86.83810 -14.81920 1.4169576564e+01 1.3096292842e-02
86.83810 -14.81920 1.4305092825e+01 -1.0126356499e-01
86.87310 -51.06380 1.3842959621e+01 2.2356684209e-01
87.04290 -9.66700 1.3756082963e+01 2.5388142776e-01
87.04290 -9.66700 1.3822832945e+01 2.3669264105e-01
87.11860 6.45670 1.4245488920e+01 -1.6017443879e-01
87.11860 6.45670 1.5077678821e+01 -6.0003958222e-01
87.49640 -56.16450 1.3540265768e+01 1.5032190067e-01
87.49640 -56.16450 1.3861932195e+01 -8.6113711261e-02
87.49640 -56.16450 1.3323359314e+01 5.1774274665e-01
87.51020 12.65350 1.4225072869e+01 -2.7794446137e-02
87.56440 -22.96980 1.3136339574e+01 6.5367434251e-01
87.81700 -35.76640 1.3755437514e+01 -4.2235162327e-02
87.92390 -20.87730 1.3717242013e+01 1.8683071015e-03
87.92390 -20.87730 1.3832543062e+01 -8.6389697731e-02
87.92390 -20.87730 1.4313540995e+01 -2.6668259118e-03
87.94730 -7.51620 1.4321188726e+01 -3.6610410300e-03
88.13650 -9.04030 1.3591436707e+01 5.0470566070e-01
88.21730 14.17340 1.0380808578e+01 2.6417011221e+00
88.22380 1.85670 1.3579244018e+01 2.6309740730e-03
88.22380 1.85670 1.4483229830e+01 -1.7949888695e-01
88.35820 -33.79990 1.4189912524e+01 9.5596961167e-02
88.35820 -33.79990 1.4403023950e+01 -3.8904125024e-01
88.54140 -63.08840 1.4345442443e+01 -2.1889500243e-01
88.75700 -52.63440 1.4307548463e+01 -1.3246939188e-01
88.75700 -52.63440 1.3080679944e+01 7.8237947712e-02
88.91130 7.40800 1.4019904193e+01 -2.5580440363e-01
88.98390 -4.61560 1.4440068516e+01 -1.5631316962e-01
89.20100 -14.16700 1.4109942527e+01 -7.3150250132e-02
89.20100 -14.16700 1.3971965508e+01 -2.2132330309e-04
89.20100 -14.16700 1.4343269638e+01 -1.1768132145e-01
89.46180 -35.28280 1.4426422329e+01 -4.7720990006e-02
89.71550 1.83740 1.4305079994e+01 -7.1336192931e-02
89.81910 0.55320 1.3665610246e+01 9.4573551676e-02
89.85360 -42.81500 1.4205910232e+01 1.6434572090e-02
89.87180 -9.55810 1.4663268732e+01 -3.0292686959e-01
89.87180 -9.55810 1.3828203474e+01 3.5086558332e-02
90.12340 -3.07430 1.4934408301e+01 -7.9560312427e-01
90.39720 -33.91210 1.4222940124e+01 2.9045171489e-03
90.56310 -10.59840 1.4353135906e+01 -1.0288975810e-01
90.56310 -10.59840 1.4392432636e+01 -1.4973311857e-01
90.71620 9.64670 1.4048407782e+01 3.8634416509e-02
90.90300 -26.28530 1.3325879612e+01 2.7917564628e-01
90.90300 -26.28530 1.2986843384e+01 5.8600253560e-01
91.10990 20.13760 1.4331454280e+01 -1.3787043422e-01
91.16260 -6.70990 1.4612950710e+01 -2.8937071539e-01
91.16590 -32.17340 1.4960255690e+01 -1.6350199634e-01
91.23030 -45.08000 1.5004335534e+01 -3.6554902684e-01
91.34400 -16.48550 1.4050875457e+01 -1.2545751068e-02
91.34400 -16.48550 1.4267181046e+01 -1.0193792706e-01
91.44060 -35.51480 1.4086027946e+01 2.0803086540e-01
91.54160 -66.04090 1.4013126673e+01 2.1372904825e-01
91.63790 -14.93660 1.4185077254e+01 -1.6727758801e-02
91.63790 -14.93660 1.4461622408e+01 -1.2141577933e-01
91.72500 -23.11230 1.4374933761e+01 -3.3204757950e-02
91.76990 -4.19530 1.4226772638e+01 -3.1318858887e-02
91.78400 -62.15610 1.5619766230e+01 -1.2871929372e+00
91.84410 -34.31360 1.4530519858e+01 -1.5398855745e-01
91.84410 -34.31360 1.4496416163e+01 -1.1677686867e-01
91.95690 -37.25460 1.4329143930e+01 -4.2376750280e-02
92.01790 14.76680 1.4232957756e+01 1.4271562880e-02
92.03830 -42.15570 1.4274147408e+01 1.4814721226e-02
92.17070 -68.84530 1.3939135478e+01 2.5903577991e-01
92.17070 -68.84530 1.4164861773e+01 7.5445546473e-02
92.33310 -22.42940 1.4157178364e+01 1.0051405926e-01
92.35550 2.49770 1.3142912552e+01 1.0806507563e+00
92.35550 2.49770 1.2068429676e+01 1.8641713605e+00
92.54150 -22.77650 1.3291516136e+01 7.9432072384e-01
92.61730 -54.97090 1.4414378960e+01 -2.8801201877e-01
92.81730 -65.59180 1.4310132097e+01 -5.2233063902e-03
93.07240 -6.55290 1.4354810131e+01 -4.7031132823e-02
93.10940 14.20620 1.4127923705e+01 6.0477782546e-02
93.13980 16.12780 1.4258432434e+01 -3.7082885786e-02
93.13980 16.12780 1.4863767435e+01 -3.8257924693e-01
93.76110 -4.57160 1.5371670741e+01 -7.4411047123e-01
93.76110 -4.57160 1.4774761491e+01 -2.3233303879e-01
93.76110 -4.57160 1.4294313386e+01 -3.8135834408e-01
93.82060 -6.27800 1.3637754041e+01 -1.8612148402e-02
93.82060 -6.27800 1.3709015437e+01 3.5558813970e-02
93.98080 16.13980 1.4410059763e+01 -9.3018809614e-02
94.00440 -0.51550 1.4153170870e+01 -2.2586179885e-02
94.03720 -13.72180 1.4350040489e+01 -1.1693108314e-01
94.06020 12.54770 1.4684318983e+01 -3.8884466106e-01
94.12960 -16.62150 1.3730260002e+01 5.1988123040e-01
94.21590 -35.14410 1.4027886716e+01 -2.1646641222e-01
94.21590 -35.14410 1.3323958941e+01 4.3509348802e-01
94.23360 12.26860 1.3814018016e+01 1.1748118002e-01
94.36500 -37.25720 1.4234877314e+01 -2.1028635762e-02
94.39820 9.93870 1.2507982462e+01 1.2105202673e+00
94.52120 -16.81970 1.2897219055e+01 7.9552863984e-01
94.65160 -19.97090 1.4354784794e+01 -7.5291590872e-02
94.65160 -19.97090 1.3991059031e+01 1.6823554150e-01
94.83920 -20.92970 1.4330320544e+01 -3.0188228133e-02
94.99950 -34.40080 1.4389176715e+01 3.8025110428e-02
95.03370 -7.82710 1.2851589218e+01 8.0158559352e-01
95.16230 -30.06770 1.3885133453e+01 3.1073442269e-01
95.23020 -34.14860 1.4593894631e+01 -2.0011345759e-01
95.45490 -11.77780 1.4398426436e+01 -7.6500365102e-02
95.60850 -33.44110 1.3969466193e+01 -1.2165007806e-01
95.60850 -33.44110 1.3795120440e+01 -3.1043765763e-03
95.60850 -33.44110 1.2949680604e+01 8.6098240996e-01
95.77130 -17.96080 1.3240147873e+01 6.0262662381e-01
95.77130 -17.96080 1.3322107853e+01 5.5547672427e-01
95.77180 -56.37490 1.4397009555e+01 -1.3938280093e-01
95.87230 22.50870 1.4409315427e+01 -2.3228308880e-01
96.05800 4.58780 1.4179504147e+01 3.8722161463e-03
96.08020 -36.71290 1.4338112120e+01 -1.3393072703e-01
96.08020 -36.71290 1.3857938417e+01 3.1140548827e-01
96.08490 -60.28650 1.3992439503e+01 3.1303766750e-01
96.08490 -60.28650 1.0556237616e+01 2.9066697934e+00
96.35060 -69.69570 1.4289118207e+01 -1.4974711429e-02
96.77570 -1.51300 1.3497463156e+01 4.2994070008e-01
97.09790 -4.76810 1.4636148412e+01 -9.2236480075e-02
97.09790 -4.76810 1.4007011540e+01 3.2364772234e-01
97.12370 -32.58610 1.3776870127e+01 5.0974643741e-01
97.24500 -32.37740 1.2315846495e+01 1.8297204055e+00
97.25280 -17.47210 1.4236912931e+01 -3.8333902557e-02
97.31060 -7.03920 1.3955635183e+01 9.6666059134e-02
97.40690 -56.85900 1.3993924432e+01 -8.5689187881e-03
97.50850 -50.24540 1.4030186414e+01 9.0819575600e-02
97.50850 -50.24540 1.4486779500e+01 -2.1819403965e-01
97.77950 -27.77610 1.4251411853e+01 -1.8039942914e-02
97.87700 -51.83260 1.4343978820e+01 -2.7225994265e-01
97.94750 -12.39860 1.3872899941e+01 1.5377868488e-01
98.02550 -58.76060 1.4055563252e+01 2.0783166312e-01
98.05520 -23.42520 1.4356457470e+01 -3.8196992506e-02
98.05520 -23.42520 1.4366359884e+01 -3.7339571514e-02
98.05520 -23.42520 1.3925337144e+01 1.8857656446e-01
98.07320 11.53760 1.2915070677e+01 8.7463331033e-01
98.19620 4.84910 1.2756545889e+01 1.2482185479e+00
98.20350 -5.87570 1.4453824868e+01 -8.2364073781e-02
98.34420 7.32590 1.4185292307e+01 -3.4788128209e-02
98.34420 7.32590 1.4205192232e+01 -4.3374742916e-02
98.51910 -1.22730 1.3930939161e+01 1.8172259924e-01
98.53290 -36.23920 1.4392380048e+01 -1.2136084695e-01
98.79230 -52.98300 1.3857932321e+01 3.1558916834e-01
98.85580 -22.97230 1.4181028244e+01 4.0318004649e-02
98.85580 -22.97230 1.4144098779e+01 6.2419547146e-02
98.85580 -22.97230 1.4551890970e+01 -2.2040683651e-01
98.92700 -36.78740 1.3437673478e+01 6.4998913792e-01
99.25490 -5.21890 1.4228037157e+01 3.3393761965e-03
99.26630 -19.26370 1.3885659412e+01 -1.5837474241e-01
99.38350 -36.99860 1.4358074329e+01 -6.7576734912e-02
99.38350 -36.99860 1.3763767169e+01 4.0738053631e-01
99.50730 -43.20400 1.3210805197e+01 6.1115486646e-01
99.55410 16.39120 1.4132360027e+01 3.0985484454e-02
99.55410 16.39120 1.3435019756e+01 2.1592317802e-01
99.56880 -18.24550 1.3919990165e+01 -2.1233862638e-01
99.56880 -18.24550 1.4280272164e+01 -2.5395994198e-01
99.91960 -14.15410 1.3332525107e+01 1.7425022030e-01
99.91960 -14.15410 1.3163894243e+01 2.9476882992e-01
99.91960 -14.15410 1.3138302726e+01 9.9220588729e-01
100.38520 0.48660 1.3575689108e+01 3.6332780469e-01
101.02640 3.92330 1.4638678210e+01 -2.9283225603e-01
101.11750 25.12180 1.3756442873e+01 -6.3556448793e-02
101.12040 13.21870 1.5482832998e+01 -1.0988246315e+00
101.20190 -31.07990 1.5266594606e+01 -9.7559559058e-01
101.42810 -31.80330 1.3924046791e+01 3.2607009839e-01
101.42810 -31.80330 1.4525513236e+01 -3.3289104403e-01
101.59690 -14.80590 1.4845233173e+01 -5.5770386449e-01
101.59690 -14.80590 1.4060000856e+01 1.9795781033e-01
101.76610 -10.11720 1.3334350497e+01 6.7852617852e-01
101.77210 -51.27560 1.4701418758e+01 -2.3270455621e-01
101.81270 -14.43590 1.4616773640e+01 -1.5654816192e-01
101.81270 -14.43590 1.4643793175e+01 -2.7026802352e-01
101.91410 -37.93970 1.5387873267e+01 -1.1934832921e+00
101.95140 8.02720 1.2748058462e+01 7.0388294553e-01
102.00960 -9.00860 1.4562262662e+01 -3.8480260493e-01
102.07930 2.40200 1.3857808760e+01 -1.3720440500e-01
102.07930 2.40200 1.4811579454e+01 -4.9091748666e-01
102.33980 -15.15510 1.4500103757e+01 -1.7747842552e-01
102.42860 -2.28250 1.3815370355e+01 -1.5358105428e-03
102.51130 -53.63300 1.3473229804e+01 2.1044482850e-01
102.53930 -46.62510 1.4115134268e+01 8.4222177869e-02
102.53930 -46.62510 1.4184919374e+01 3.6315623681e-02
102.54200 -32.51900 1.4365501230e+01 -7.7298815226e-02
102.54200 -32.51900 1.4109170165e+01 1.9176918131e-01
102.58350 16.19230 1.3731323981e+01 4.9476673260e-01
102.68000 -31.71670 1.3985315608e+01 2.9321847511e-01
102.68000 -31.71670 1.3568117116e+01 5.1446804282e-01
102.79770 -34.37810 1.3608487485e+01 4.5791571344e-02
102.79770 -34.37810 1.1780603507e+01 1.8528345336e+00
102.83690 -70.97420 1.4213366439e+01 8.7299644735e-02
103.42410 -19.04400 1.4165036915e+01 3.4588084638e-01
103.48170 -20.23560 1.2829972378e+01 1.2237780691e+00
103.62390 -24.19560 1.2324078388e+01 1.1308684443e+00
103.62390 -24.19560 1.3519806155e+01 1.2147412977e-02
103.64950 -12.05010 1.3695661638e+01 3.2497259267e-01
103.78410 13.16630 1.4465987319e+01 -2.2168708649e-01
103.85590 -20.41650 1.1938205643e+01 2.1104956187e+00
104.00070 -20.14820 1.2321221357e+01 1.5830010152e+00
104.00070 -20.14820 1.4169991431e+01 2.8827715685e-02
104.03760 -22.95320 1.3554200135e+01 3.2509194503e-01
104.12490 -48.73300 1.3544381656e+01 8.2447325013e-02
104.12790 -14.05530 1.3616450232e+01 1.0513637023e-01
104.13180 -17.06610 1.3896075740e+01 2.7024295922e-01
104.22800 9.94470 1.3475299724e+01 5.5269915533e-01
104.68470 -34.12400 1.4690162335e+01 -3.3036069913e-01
104.68470 -34.12400 1.4759644524e+01 -3.7721470394e-01
104.73930 -25.42650 1.4413639747e+01 -1.0691115921e-01
104.73930 -25.42650 1.4081313046e+01 4.7543338795e-02
104.74240 -28.98440 1.2164974202e+01 1.3211055549e+00
105.20410 -8.41960 1.3240164749e+01 8.5250139389e-01
105.36470 -25.22850 1.4016932454e+01 1.6409563709e-01
105.51700 -27.94780 1.3042284044e+01 4.3732658874e-01
105.51700 -27.94780 1.4443204480e+01 -1.0861657427e-01
105.84640 -59.19140 1.4941547096e+01 -5.2604288704e-01
105.84640 -59.19140 1.3946953052e+01 3.2743073620e-01
105.84640 -59.19140 1.3804345864e+01 3.3382792995e-01
105.84750 -23.84660 1.3643100281e+01 4.8491266992e-01
106.03040 -49.59730 1.3951331033e+01 2.3726918585e-01
106.03850 -15.64670 1.3799402096e+01 4.0004605535e-01
106.03850 -15.64670 1.4360901705e+01 -4.3252386116e-03
106.05630 -43.62150 1.4717983629e+01 -3.1887287167e-01
106.08110 -42.35070 1.4136566253e+01 4.7783942176e-02
106.11710 -56.76320 1.4548279132e+01 -2.3905508315e-01
106.15680 20.55680 1.4693581776e+01 -2.5579860001e-01
106.77260 -11.30800 1.4366079347e+01 2.0497743433e-02
106.85120 -40.90740 1.3835731338e+01 4.1049101532e-01
106.93560 -23.85490 8.5717083391e+00 5.3684421544e+00
107.15720 -70.51150 1.2228471558e+01 1.2866247281e+00
107.18680 -26.40760 1.2421367649e+01 1.0139152663e+00
107.28630 -39.67010 1.4335466775e+01 -3.5740783325e-03
107.51940 -25.24570 1.4189033809e+01 2.4870915296e-01
107.51940 -25.24570 1.5901756650e+01 -1.5708803957e+00
107.66560 -4.25180 1.3786703991e+01 2.6220916826e-03
107.66560 -4.25180 1.3940995724e+01 -9.7853834807e-02
107.66840 -27.50630 1.3888038099e+01 -6.1085613530e-02
107.75670 -48.94690 1.2481294057e+01 1.5434133585e+00
108.13840 -40.51390 1.1807149359e+01 2.3798722896e+00
108.14040 -25.95770 1.2630031254e+01 1.6311560435e+00
108.20300 -46.77450 1.2342330030e+01 1.6288865229e+00
108.37120 -45.19810 1.4016097686e+01 2.2418255509e-01
108.65260 -26.36800 1.2109165227e+01 1.8609678698e+00
108.65260 -26.36800 1.3280662814e+01 9.9641847319e-01
108.75460 -46.86530 9.6641059832e+00 4.2897300324e+00
108.75460 -46.86530 1.2912447358e+01 1.2864168649e+00
108.79150 -26.78830 1.1468170560e+01 2.5357608608e+00
108.80950 -41.44210 1.4713639811e+01 -2.9632413034e-01
108.80950 -41.44210 1.2560675057e+01 1.7487941676e+00
108.92250 -30.70220 1.1807767082e+01 2.3279014666e+00
109.12760 -46.79050 1.4044619058e+01 1.3770167601e-01
109.15990 -15.60160 1.5202375909e+01 -9.5828497299e-01
109.20600 -67.97320 1.5034786803e+01 -6.3214127722e-01
109.23350 -27.89720 1.3551776028e+01 7.4266927744e-02
109.24570 -23.33160 1.3246089202e+01 7.3302363893e-01
109.28380 -36.60870 1.1253678662e+01 2.8756050597e+00
109.36300 -37.11360 1.2182089321e+01 1.2549953301e+00
109.36300 -37.11360 1.4656768718e+01 -2.7990592563e-01
109.64890 16.52410 1.4296417263e+01 -8.4606862709e-02
109.71430 -39.22670 1.3632269557e+01 8.1225060414e-01
109.75940 -24.57510 1.1795492615e+01 2.3268245822e+00
109.76780 -24.97080 1.3140690338e+01 1.3287001016e+00
109.76780 -24.97080 1.3499250614e+01 9.7696433431e-01
109.76780 -24.97080 1.3758251453e+01 1.1445482333e-01
109.80280 -26.60230 1.3039392081e+01 7.9576374466e-01
110.21510 -52.10270 1.4907319946e+01 -3.2708334192e-01
110.65270 -19.03370 1.5042357346e+01 -5.8985158208e-01
110.83660 -31.94110 1.1763704417e+01 2.6173569136e+00
110.96630 -32.21950 1.2206713411e+01 1.9531841268e+00
111.11030 -29.32060 1.3400574291e+01 5.6370214989e-01
111.26630 -16.21910 1.4166310007e+01 -3.1635945840e-02
111.26630 -16.21910 1.4087946896e+01 4.6290109533e-02
111.26660 -31.82650 1.0530372385e+01 3.4688565824e+00
111.26660 -31.82650 1.4270159954e+01 -7.1454973223e-02
111.36390 11.65180 1.4281415816e+01 -8.1145912910e-02
111.44600 -25.23550 1.5704413769e+01 -1.4053955241e+00
111.53150 9.25830 1.3925120639e+01 -1.2287561341e-01
111.75830 -34.15870 1.4156565082e+01 3.0872124717e-01
111.84060 -23.10410 1.1671916175e+01 2.5236428915e+00
111.88080 -17.88300 1.3865217999e+01 2.0686333362e-01
111.88080 -17.88300 1.3811914109e+01 2.5970623826e-01
111.90630 8.27120 1.4258061373e+01 -2.3803959508e-02
112.02190 -22.87740 1.4010697641e+01 2.3430898626e-01
112.06810 -11.57510 1.4558713960e+01 -1.2166214810e-01
112.08340 -29.17420 1.4577106025e+01 -3.6040096596e-01
112.12620 6.92370 1.3953598922e+01 -2.8238056546e-01
112.16000 8.90720 1.5977190330e+01 -1.5389730871e+00
112.29720 -31.86680 1.4072588161e+01 2.3996343070e-01
112.35500 -31.47470 1.5423617372e+01 -1.0793193984e+00
112.37720 -43.31990 1.3339111255e+01 1.8264374305e-01
112.55720 -23.04290 1.3696601404e+01 3.4192470570e-01
112.55720 -23.04290 1.4754082183e+01 -7.5440841228e-01
112.57070 11.98790 1.4009073728e+01 -2.6157994292e-01
112.76260 -30.98110 1.3564796956e+01 2.4430274006e-01
112.76260 -30.98110 1.4524394119e+01 -3.5556773471e-01
113.13840 1.89540 1.4766163361e+01 -5.2436397468e-01
113.38220 -24.73000 1.4672610949e+01 -3.9084532200e-01
113.41320 3.27110 1.4121494358e+01 6.9384489098e-02
113.54190 -36.35780 1.2970513900e+01 1.2629825682e+00
113.55030 -14.54330 1.1208857228e+01 2.1899799280e+00
113.60700 -22.31550 1.3772673409e+01 1.6828762138e-01
113.60700 -22.31550 1.3348682209e+01 5.1314736298e-01
113.60700 -22.31550 1.3639650607e+01 2.7666288639e-01
113.67030 -23.49320 1.3031625407e+01 1.0767179039e+00
113.93340 -28.38900 1.3903575224e+01 4.0429108883e-01
113.93340 -28.38900 1.5771935416e+01 -1.5222241440e+00
113.96950 -52.55360 1.3898890794e+01 4.7419904345e-01
114.11680 -14.51260 1.2315807866e+01 1.8087220423e+00
114.26710 -19.72230 1.4174501132e+01 1.1883410384e-01
114.42320 -34.98860 1.3936074944e+01 3.4459327000e-01
114.42320 -34.98860 1.4971392551e+01 -7.5631149966e-01
114.42840 -4.13110 1.4444454129e+01 -3.0030399163e-01
114.66630 -25.38510 1.4148872870e+01 1.4823090847e-01
114.76220 -36.51720 1.4065365187e+01 3.4060234878e-01
114.79750 -26.82420 1.3767590587e+01 5.6745067738e-01
114.79750 -26.82420 1.3965651833e+01 3.6687608627e-01
114.79750 -26.82420 1.3076211093e+01 1.5904635019e+00
114.94110 -38.32850 1.5863593448e+01 -9.9980096226e-01
115.00990 -38.15980 1.4474130869e+01 1.3146145036e+00
115.02670 -38.28120 1.1602590191e+01 3.1585031031e+00
115.06970 -37.60000 1.2831567564e+01 1.0320649702e+00
115.39290 -38.55440 1.1132156292e+01 3.3485416623e+00
115.39290 -38.55440 9.8856020764e+00 4.4640686431e+00
115.39290 -38.55440 1.2303418873e+01 2.2727447024e+00
115.39290 -38.55440 1.5448587545e+01 -1.2667508884e+00
115.41650 -9.57200 1.3877594880e+01 -7.7086661211e-02
115.42680 -72.62700 1.3196135705e+01 6.6327661899e-01
115.80580 -45.19430 1.4917727341e+01 -3.7116241949e-01
115.97330 -28.43220 1.0282435525e+01 3.1574914339e+00
115.99880 -40.95510 1.1500669623e+01 2.1135257670e+00
115.99880 -40.95510 1.3367141205e+01 4.0059725359e-01
115.99880 -40.95510 1.3064406119e+01 9.3178246000e-01
116.03980 -28.97620 1.1100411064e+01 3.0211583591e+00
116.23440 -24.69560 1.3843314495e+01 5.3705081962e-01
116.39170 -37.99020 1.2885793232e+01 1.1086368505e+00
116.39170 -37.99020 1.2876286908e+01 1.1947932394e+00
116.39170 -37.99020 1.4000688284e+01 1.0803527225e-02
116.47840 -34.19400 1.3848008917e+01 1.2140097588e-01
116.58770 -14.58560 1.4199186575e+01 1.8035696857e-01
116.58770 -14.58560 1.4516299461e+01 -2.3317378561e-01
116.89640 -22.54150 1.2369733385e+01 1.8057551166e+00
116.93160 -38.53320 1.1688761183e+01 2.4612329235e+00
116.94740 -46.63050 1.0458144868e+01 3.4936440170e+00
117.08900 -12.21480 1.4233558716e+01 -1.0885249983e-01
117.14940 -47.09990 9.5528792293e+00 4.0585816934e+00
117.14940 -47.09990 1.2323173017e+01 1.5876377649e+00
117.32490 -56.43270 1.3429055979e+01 1.5408271568e+00
117.36950 -46.88010 8.4064909423e+00 5.4746868373e+00
117.37620 -46.39560 1.3357818594e+01 9.3881095310e-01
117.39250 -35.26570 1.4190718549e+01 1.9747816548e-01
117.39250 -35.26570 1.3322561650e+01 5.0572868295e-01
117.41560 -24.88220 1.3007666322e+01 7.6585864425e-01
117.41560 -24.88220 1.1288646273e+01 2.3731983169e+00
117.52030 -17.25090 1.3147211938e+01 6.8633417087e-01
118.03830 1.74400 1.4008198144e+01 1.4010555089e-01
118.04440 -13.92090 1.3617762696e+01 3.3469290016e-01
118.12960 -40.59870 1.3007631371e+01 7.2198685056e-01
118.12960 -40.59870 1.3891197133e+01 1.2490255847e-01
118.14760 -34.72840 1.3023864665e+01 1.0744995937e+00
118.17610 -54.39010 1.4100291532e+01 2.2500568899e-01
118.17610 -54.39010 1.3465179575e+01 6.5520793998e-01
118.23850 -38.88580 1.4075205844e+01 2.9022870468e-01
118.23850 -38.88580 1.3220311533e+01 1.0417898936e+00
118.32680 -49.63610 1.1805836842e+01 2.0912672040e+00
118.38990 -48.12610 1.3575622833e+01 6.3341397223e-01
118.38990 -48.12610 1.3586947728e+01 6.7898518727e-01
118.38990 -48.12610 1.3507957893e+01 7.2747726862e-01
118.38990 -48.12610 1.4030252071e+01 3.2132629343e-01
118.62700 -35.90060 1.3087468710e+01 1.1732066619e+00
119.25030 -53.00610 1.2704424306e+01 1.3511559682e+00
119.30890 -22.90390 1.3382448877e+01 6.5259103799e-01
119.31260 -43.52420 1.1321968178e+01 3.0252497267e+00
119.48320 -60.32700 4.0668979864e+00 8.5398167955e+00
119.48320 -60.32700 1.3748844646e+01 3.3399314120e-01
119.53430 -45.60170 1.3289249387e+01 4.5449280354e-01
119.53430 -45.60170 1.1421676387e+01 2.5480602963e+00
119.62310 -49.26900 1.6337551655e+01 -1.8484804263e+00
119.69980 2.20070 1.2010250410e+01 3.0407125152e+00
119.82700 -45.24000 1.4324737885e+01 1.2469843076e-01
119.82700 -45.24000 1.1792178681e+01 1.9300925700e+00
119.86770 -23.33460 8.4085738115e+00 4.9084213508e+00
119.94360 -60.61140 1.4449267664e+01 -1.5047299763e-01
120.04330 -3.70390 1.3897152969e+01 -1.9005146265e-01
120.06490 -18.42360 1.4015397229e+01 1.6031285657e-01
120.06490 -18.42360 1.3673098481e+01 5.2105675773e-01
120.11050 -63.59190 1.4281611601e+01 6.9778930351e-02
120.26190 -54.17580 1.7432457148e+01 -2.9494204275e+00
120.41660 -1.41720 1.2897517521e+01 7.1814011660e-01
120.42350 4.85520 1.4377260286e+01 -7.1026636124e-02
120.48650 -37.30840 1.5057963583e+01 -1.0349168715e+00
120.76190 -41.33470 1.4126423765e+01 2.8351767288e-01
120.76190 -41.33470 1.4127819685e+01 9.5648103241e-02
121.39050 13.09290 1.3220495002e+01 5.7657313286e-01
121.92170 -20.58010 1.4081903233e+01 6.8678145522e-02
121.97940 -24.33010 1.3614254727e+01 3.4681791408e-01
121.97940 -24.33010 1.3158737894e+01 9.1117652466e-01
122.25850 -3.00970 1.3882881705e+01 -7.4152207966e-02
122.28960 -61.32840 1.4534532987e+01 -3.5209359063e-01
122.35450 -19.27100 1.4099789926e+01 1.6666226447e-01
122.35450 -19.27100 9.8440712200e+00 4.2165168969e+00
122.35480 -48.71050 1.3495532781e+01 5.5160412048e-01
122.45060 -47.36270 1.2480443355e+01 1.2166526951e+00
122.46900 -16.27500 1.4088683893e+01 2.0619736895e-01
122.47180 -44.14890 1.4215684425e+01 1.0629427203e-01
122.47180 -44.14890 9.3473946390e+00 4.7486600465e+00
122.49630 -47.96330 1.2825752901e+01 1.1122937985e+00
122.86080 -48.48840 9.1854676292e+00 4.9255068924e+00
122.91780 -39.64500 1.3129345354e+01 4.6631223599e-01
122.92060 -12.95340 1.3939631582e+01 -3.4850687031e-02
122.92060 -12.95340 1.4104116932e+01 8.8943069291e-02
122.93180 -43.01370 1.3916560762e+01 3.3589633331e-02
122.99400 -7.79900 8.8709532435e+00 4.7833345620e+00
123.06870 -46.67090 1.4195585659e+01 -1.0025909561e-01
123.43380 -15.81500 1.3316750414e+01 3.4220662847e-01
123.43380 -15.81500 1.2274323467e+01 1.6066654161e+00
123.46910 -47.01850 1.2745600662e+01 1.8780016613e+00
123.57520 -36.34920 1.3809100870e+01 1.1688840003e+00
123.57520 -36.34920 1.1848547237e+01 2.6014955342e+00
123.66980 -45.86150 1.1469729162e+01 2.7814984946e+00
123.66980 -45.86150 1.4414149617e+01 -1.3736657543e-01
123.84920 -62.94280 1.4009499755e+01 1.6656313952e-01
123.84920 -62.94280 1.3746161152e+01 -1.2996464086e-01
124.60190 -65.64080 1.3247838447e+01 4.5426497874e-01
124.65600 -35.47940 1.2813219897e+01 1.2835522718e+00
124.99490 -71.53330 1.2644161611e+01 1.5905076074e+00
125.42040 -36.51240 1.2716905973e+01 1.6545113424e+00
125.42040 -36.51240 1.3076027435e+01 1.2922326216e+00
125.42040 -36.51240 1.2856038976e+01 7.8383848638e-01
125.43600 -20.10730 1.4081277650e+01 -1.6934560922e-01
125.67330 -59.53790 1.2331826353e+01 9.0050349306e-01
125.67330 -59.53790 1.5387640002e+01 -1.1359691846e+00
125.69940 -48.51880 1.3266496580e+01 9.8383139236e-01
125.69940 -48.51880 8.9566025135e+00 4.8729245560e+00
125.79110 -52.15220 1.0842848659e+01 3.0303189642e+00
126.25540 -3.78000 3.0339433407e+00 9.5888740245e+00
126.25540 -3.78000 1.4156556974e+01 1.4462918272e-01
126.32520 -23.18260 1.3084984353e+01 9.0436369509e-01
126.44290 -51.75630 1.5465961736e+01 -9.9762906224e-01
126.45760 -66.16580 1.3755997800e+01 1.5724389322e-01
126.52450 -3.93540 1.4203002589e+01 6.7686495585e-02
126.52450 -3.93540 1.4277030937e+01 5.0524423775e-03
126.54290 -42.18200 1.4637465293e+01 -1.1887963195e-01
126.54290 -42.18200 1.4618667972e+01 -8.9280888359e-02
126.54290 -42.18200 1.4564742501e+01 -1.2182284474e-01
126.54290 -42.18200 1.5712302046e+01 -1.3784000823e+00
126.72270 -4.01660 1.2868797662e+01 1.0874162700e+00
126.96270 -53.11770 1.4237417002e+01 3.0293725977e-03
127.08230 -35.14310 1.4095961640e+01 3.4949056726e-01
127.33890 -47.95840 1.2682624182e+01 1.7782066164e+00
127.35600 -44.18990 1.2348622109e+01 2.0496439235e+00
127.35600 -44.18990 1.3377938997e+01 1.0054930300e+00
127.43820 -44.75440 1.4202068928e+01 2.2377814115e-01
127.51170 -46.36130 1.4154723887e+01 2.2415061836e-01
127.97730 -19.60740 1.4344284294e+01 7.0146350225e-02
127.97730 -19.60740 1.4457838383e+01 -1.5153673870e-01
128.49150 -38.87910 1.4363685601e+01 -3.6741324186e-02
128.61740 -2.18190 1.2279670980e+01 1.4551923200e+00
128.74850 -49.97470 1.3423623287e+01 3.1535807331e-01
128.74850 -49.97470 1.2178077616e+01 1.7009083857e+00
128.86560 -58.25530 1.3894234147e+01 2.6208115454e-01
128.88340 -58.03980 1.0228512386e+01 3.2910445250e+00
128.88340 -58.03980 1.4624869054e+01 -4.1541554211e-01
128.97420 -8.01290 1.3901581850e+01 2.9428849990e-01
128.97420 -8.01290 1.4176505124e+01 9.7081363427e-02
129.03210 -51.00030 1.3743689467e+01 3.5947264982e-01
129.48800 -43.02000 1.4080604995e+01 8.4484354702e-02
129.52980 5.67280 1.4052388820e+01 8.7706418138e-02
129.52980 5.67280 1.4338328380e+01 -6.2691939288e-02
129.56080 -26.28600 1.4202463889e+01 7.0988175068e-02
129.77840 -70.41790 1.3818638643e+01 -1.0378176577e-01
129.87940 -22.69310 1.3163292212e+01 7.4875425920e-01
129.91100 -53.47100 8.1368860961e+00 5.8086479327e+00
129.91100 -53.47100 9.3707953007e+00 4.4383758696e+00
130.01790 -29.59240 8.5214403050e+00 5.2035881684e+00
130.11000 -12.50670 1.3084504960e+01 4.4554394974e-01
130.11000 -12.50670 1.3583535039e+01 1.7622639927e-01
130.11130 -35.33970 1.0730766984e+01 3.9083872022e+00
130.13600 -52.95330 1.3441184272e+01 1.0897181925e+00
130.16040 -40.29530 1.4432211667e+01 -6.4011256586e-02
130.16040 -40.29530 1.4045864493e+01 2.5708696014e-01
130.20250 -59.79240 1.3713276090e+01 8.1732337679e-01
130.22150 -45.22250 1.3279947489e+01 5.8765924642e-01
130.22920 -46.68020 1.3713060262e+01 5.2814577419e-01
130.37650 -47.34870 1.2074109506e+01 1.9793213339e+00
130.53210 -15.97500 1.3690278787e+01 1.3757335356e-01
130.56160 -45.44240 1.2598595582e+01 1.8876262469e+00
130.63830 -48.13080 1.3015144877e+01 2.2372849717e+00
130.64190 -53.13180 1.3638442595e+01 1.5073354694e+00
130.66860 -53.14570 1.5586946453e+01 -6.1223661576e-01
130.92040 3.36680 1.4243440402e+01 5.6265702982e-02
130.98610 -33.21830 1.4200250529e+01 1.1955749049e-01
130.98610 -33.21830 1.4712867026e+01 -4.1491151881e-01
131.02560 -7.26570 1.3849241419e+01 5.3691668299e-02
131.17800 -42.68130 1.3387826993e+01 5.4339496669e-01
131.17800 -42.68130 1.2760678077e+01 9.2314742100e-01
131.23620 -54.74090 1.2732296637e+01 9.2686289327e-01
131.23620 -54.74090 1.4543817167e+01 -3.1014729502e-01
131.30070 -37.17940 1.4683926650e+01 -3.1101716140e-01
131.58110 -46.07380 1.4325538454e+01 1.5193782813e-01
131.58110 -46.07380 1.4529554314e+01 -2.7038689706e-01
131.69720 -13.58010 1.4497285922e+01 -3.4420239567e-01
131.73380 -56.80220 1.4442849313e+01 -5.5286877897e-02
131.73380 -56.80220 1.4079803217e+01 -5.8102061464e-02
131.80990 6.38640 1.5248479812e+01 -5.7974210268e-01
131.92330 -1.92950 1.3964999525e+01 1.6672210280e-01
132.22400 5.80510 1.4070845428e+01 1.3251950672e-01
132.22400 5.80510 1.4128721242e+01 8.1836815734e-02
132.45040 -3.47590 1.4262798894e+01 5.3213225158e-02
132.52420 -45.34080 1.4299068020e+01 -4.1263684538e-02
132.52420 -45.34080 1.3769078062e+01 2.1166691648e-01
132.55350 -32.81340 1.5225353761e+01 -7.9119683534e-01
132.71370 -46.56220 1.4279520516e+01 1.1942218280e-01
132.72630 -27.74290 1.3627197874e+01 2.0938833195e-02
132.72630 -27.74290 1.2532851901e+01 1.4514094210e+00
132.95790 -57.66680 1.3942011596e+01 2.4096992861e-01
133.00100 -7.21040 1.4514349382e+01 -7.0920263098e-02
133.50270 -60.38740 7.0488665451e+00 6.4529054977e+00
133.53430 -47.55430 1.4089111014e+01 2.0042196849e-01
133.53430 -47.55430 1.3804365639e+01 4.2132098466e-01
133.53430 -47.55430 1.4137135887e+01 1.6425779016e-01
133.81130 -60.67830 1.4453556505e+01 -2.4782074227e-01
133.96420 5.91180 1.3653885519e+01 6.7431799091e-02
133.97520 -27.71570 1.4088546690e+01 1.0311069541e-01
134.14640 -52.75740 1.4346423926e+01 5.4886614881e-02
134.29690 -59.26330 1.3423485369e+01 9.9179074233e-01
134.29690 -59.26330 1.3979276722e+01 5.9318162268e-01
134.29690 -59.26330 1.4924749728e+01 -3.9588143133e-01
134.43390 15.28870 1.4014956161e+01 9.3423588860e-02
134.74110 11.82350 1.4075192371e+01 5.2587570199e-02
134.79280 -47.26900 1.3812529839e+01 3.1302113171e-01
134.90520 -59.11810 1.3964043315e+01 2.2400341130e-01
135.10440 -41.28810 1.4010594794e+01 -2.8003270124e-02
135.41830 -41.89890 1.4404142491e+01 -3.5511068501e-02
135.41830 -41.89890 1.4494903893e+01 -6.5072736378e-02
135.50370 -52.22340 1.4117710915e+01 1.1314244041e-01
135.64570 -66.43090 1.3702737155e+01 4.0040789479e-01
135.64570 -66.43090 1.2991198274e+01 7.6836140820e-01
136.11440 -47.13280 1.3754392296e+01 2.8202731021e-02
136.11440 -47.13280 1.3195416387e+01 5.3116553154e-01
136.29130 -72.63790 1.2720245256e+01 9.8286267151e-01
137.05500 10.63260 1.2381379048e+01 1.1117314532e+00
137.07960 -43.46820 1.3215023555e+01 2.1812178251e-01
137.07960 -43.46820 1.3529269033e+01 8.5860216833e-02
137.10800 -25.89420 1.3463108333e+01 1.9096244165e-01
137.28280 -8.62530 1.4108073079e+01 1.0367667182e-01
137.36870 -18.36440 1.3907166958e+01 2.3050432732e-01
137.57780 -30.40130 1.3785562756e+01 3.8381662296e-01
137.79970 -59.00300 1.3884247208e+01 3.5705744296e-01
137.84780 -44.90400 1.4300124961e+01 -9.3983561425e-02
137.84780 -44.90400 1.4186208411e+01 5.0059866492e-02
137.84780 -44.90400 1.4320607703e+01 6.9428648896e-02
137.96670 -46.62010 1.3925246850e+01 3.2960333363e-01
137.96670 -46.62010 1.4270291538e+01 3.7266253376e-01
138.20830 -43.64960 1.3319458751e+01 1.2066123480e+00
138.28900 -59.45030 1.0580631039e+01 3.2615169976e+00
138.61500 -44.18230 1.3608448811e+01 8.4852899903e-01
138.64000 -55.60620 1.4223715303e+01 2.5170389438e-02
138.68380 -43.26410 1.4349315841e+01 6.7677668062e-02
138.68380 -43.26410 1.4367805664e+01 -2.1966126060e-02
138.70440 2.27770 1.4359593012e+01 -1.9220742454e-02
138.98950 -38.60670 1.3577143261e+01 2.2582723893e-01
139.02540 -37.44990 1.4180450960e+01 -4.6557339434e-02
139.02540 -37.44990 1.3947691138e+01 -9.6183004199e-02
139.11220 -57.57830 1.3676064461e+01 2.9595091824e-02
139.11220 -57.57830 8.1952712126e+00 5.2731704873e+00
139.17700 -44.30260 1.3357769153e+01 5.8244713410e-01
139.28240 -6.39000 1.3364817109e+01 3.8108383019e-01
139.33110 -59.31220 1.3057616982e+01 7.2661856571e-01
139.33110 -59.31220 1.2810885145e+01 9.4863731712e-01
139.35240 -68.72660 1.4190730850e+01 7.5207828002e-02
139.59740 -51.08790 1.3783305972e+01 2.1351477082e-02
140.22770 -9.59310 1.3935554446e+01 -1.2684068940e-03
140.22770 -9.59310 1.3705791718e+01 1.0409481229e-01
140.28920 -62.44210 1.1407425733e+01 2.0730736997e+00
140.52540 -55.55230 7.1518134469e+00 7.4326093936e+00
140.52540 -55.55230 1.3703269013e+01 6.0628127909e-01
140.59630 -55.04830 1.3306481166e+01 7.2365909661e-01
140.59630 -55.04830 1.3810702285e+01 1.0403146500e-01
140.89620 -28.87160 1.3704285889e+01 1.3111037632e-01
140.89620 -28.87160 1.4539548258e+01 -4.7783402659e-02
141.64620 -53.41710 1.4307535012e+01 2.7629851784e-02
141.92640 -22.38210 1.3609241814e+01 9.7533783178e-02
141.92640 -22.38210 1.3452327673e+01 9.5576512027e-02
142.00430 -8.69700 1.3371518529e+01 1.2015002993e-01
142.00430 -8.69700 1.3381015698e+01 1.0926854154e-01
142.00430 -8.69700 1.3672029604e+01 -2.5383553273e-02
142.05380 -6.10960 1.4181442797e+01 -5.8026728237e-03
142.39770 -2.80750 1.4088815486e+01 -4.3841597590e-02
142.39770 -2.80750 1.4034229992e+01 4.3675471644e-02
142.39770 -2.80750 1.3293013559e+01 3.1727212191e-01
142.40180 -35.98990 1.3728327102e+01 3.4605781757e-01
142.59610 -51.55580 1.4724794993e+01 -2.4961275021e-01
142.59610 -51.55580 1.4258693686e+01 -3.4995559754e-02
142.78580 -31.92800 1.4581748200e+01 1.1382920735e-01
142.78580 -31.92800 1.4698518154e+01 2.8455182543e-02
142.78580 -31.92800 1.5286227080e+01 -1.0824739882e+00
142.87220 -57.07320 1.3664931708e+01 5.3664592613e-03
142.87220 -57.07320 1.6177648983e+01 -1.5253964929e+00
143.10700 -1.22360 1.3941814597e+01 9.8780547252e-02
143.10700 -1.22360 1.4731584304e+01 -2.3347670680e-01
143.16730 -40.68830 8.7600517092e+00 5.2834245052e+00
143.18680 -19.43930 1.4015989149e+01 -2.6348821514e-02
143.40280 -21.15480 1.3976804910e+01 1.7736405054e-01
143.51430 -49.04420 1.4787916964e+01 -2.3998236919e-01
143.61270 -51.29450 1.2920453353e+01 1.3571203812e+00
143.61270 -51.29450 1.4307434398e+01 -1.2219670726e-02
143.67460 -59.26900 1.4264382773e+01 -3.8792894699e-02
143.67460 -59.26900 1.4196178503e+01 2.0490298604e-02
144.28530 -49.39460 1.4641855200e+01 -2.3762889421e-01
144.28530 -49.39460 1.4662029373e+01 -2.3505527468e-01
144.28530 -49.39460 1.3781509476e+01 3.5313213658e-01
144.37620 -53.70810 1.4166486329e+01 1.1495221985e-01
144.37620 -53.70810 1.4680998084e+01 -6.6027890924e-01
144.41820 6.79620 1.4304671177e+01 -4.7028775390e-01
144.72810 4.60960 1.4332202853e+01 -4.2571032187e-02
145.07550 -1.18270 1.3428216906e+01 1.3579507847e-01
145.07550 -1.18270 1.4269462607e+01 -1.4597936851e-01
145.18150 -14.37230 1.4142230907e+01 1.1000838559e-01
145.24490 -58.02360 1.4292023366e+01 -9.9001624172e-02
145.40450 9.85220 1.3829606815e+01 8.9110713527e-02
145.40450 9.85220 1.4288038393e+01 -1.8663160019e-02
145.42080 -23.63160 1.4332118346e+01 -1.7928722032e-02
145.65990 -23.95580 1.4261538938e+01 -2.1563164411e-02
146.00070 -53.93160 1.4827530038e+01 -1.8334318195e-01
146.14820 -27.80990 1.3950378280e+01 4.4751659156e-02
146.14820 -27.80990 1.3864212310e+01 8.7002769776e-03
146.71130 1.74490 1.4432792684e+01 -1.1693886709e-02
146.83020 -65.11280 1.3689780576e+01 3.4193122040e-01
146.83020 -65.11280 1.3861151680e+01 1.7297136910e-01
146.83020 -65.11280 1.4731341174e+01 -2.5235248772e-01
147.57330 -45.77380 1.5436865079e+01 -7.0972003520e-01
147.97480 -14.88790 1.3880707498e+01 -2.8818294233e-03
148.00420 -46.58890 1.4268202894e+01 -1.0867193872e-01
148.00420 -46.58890 1.4198780205e+01 -4.0986748341e-02
148.23520 -8.14640 1.4098914475e+01 7.8734603129e-02
148.23520 -8.14640 1.4547927613e+01 -2.8695362923e-01
148.65110 -25.97390 1.3365338928e+01 2.5219618185e-01
148.66000 -45.32510 1.4220431317e+01 1.3609375079e-01
148.79510 -50.28560 1.2449337736e+01 1.1805464669e+00
148.82090 -19.05100 1.3434771467e+01 5.8051832897e-01
149.29260 -54.60960 1.4611981627e+01 -1.2757684458e-01
149.29260 -54.60960 1.4074436226e+01 9.2557258871e-02
149.81210 -35.93310 1.4170664182e+01 -1.0914537108e-01
150.16890 8.00200 2.0343761584e+01 -4.2334101754e+00
150.57020 -60.46330 9.2404107323e+00 4.6900491408e+00
151.18870 -24.32820 1.4135551989e+01 1.0736692099e-01
151.38780 -13.10740 1.3948412665e+01 1.6078973033e-01
151.63360 -47.41280 1.3624037334e+01 2.5468152346e-01
151.95210 16.71970 1.3213320024e+01 3.4131386086e-01
152.09220 9.95450 1.3852602887e+01 1.6273705324e-01
152.09640 -0.41470 1.3965406427e+01 1.5523452193e-01
152.20990 11.92410 1.3851125474e+01 2.0290907685e-01
152.20990 11.92410 1.3930225536e+01 1.6327337067e-01
152.31760 -51.85440 1.4321837616e+01 -3.4290547141e-02
152.31760 -51.85440 1.4812571635e+01 -3.2758233610e-01
152.63150 -12.85920 1.6124060982e+01 -1.4387822426e+00
152.63150 -12.85920 1.4906312925e+01 -4.0309767235e-01
152.64020 -8.45140 1.3962772785e+01 -5.8971752087e-02
152.75420 -12.39740 1.4811556613e+01 -4.3789662656e-01
153.02010 -58.10390 1.5318401550e+01 -6.4919353905e-01
153.43010 -51.27650 1.4992522338e+01 -4.5973665799e-01
153.43980 -66.41640 1.4200052505e+01 7.5788976841e-02
153.45100 -51.79930 1.6939994308e+01 -1.9396306606e+00
153.48630 -70.08150 1.4496080356e+01 -1.0504584458e-01
153.77650 -42.16560 1.4347716824e+01 -1.0287505730e-02
153.77650 -42.16560 1.4323374495e+01 -4.1891333382e-01
154.34420 -61.37620 1.4459861870e+01 -5.7471306636e-01
154.34420 -61.37620 1.4015714955e+01 -1.6287060578e-03
154.51660 -8.11290 1.3789605198e+01 2.5501150074e-01
154.63210 -29.03600 1.2775674067e+01 1.5454108897e+00
154.73900 -56.15440 2.0487408893e+01 -4.3795513053e+00
154.73900 -56.15440 1.8977960712e+01 -2.9420444592e+00
154.73900 -56.15440 1.7405463771e+01 -2.2386991260e+00
154.73900 -56.15440 1.4638745225e+01 -4.2302626836e-01
154.98570 -55.07340 1.3872345074e+01 9.5995409328e-02
155.31010 -56.08750 1.4671502881e+01 -1.7003704478e-01
155.31010 -56.08750 1.4615199917e+01 -1.7810729274e-01
155.67580 -41.69430 1.3719103928e+01 5.9859097253e-02
155.67580 -41.69430 1.3526658156e+01 3.3071890045e-01
155.80740 -66.94590 1.3914249685e+01 2.4794478016e-01
155.96860 -38.05430 1.4014632197e+01 1.0129367161e-01
155.96860 -38.05430 1.7293791433e+01 -1.5664271991e+00
156.62880 -16.88100 1.3544755068e+01 4.0884876048e-02
156.88840 -31.11260 1.4220649078e+01 -1.1004667659e-01
157.05040 -58.78420 1.4960712591e+01 -5.3236981629e-01
157.05040 -58.78420 1.4003161999e+01 1.4783421353e-01
157.48080 -2.78410 1.4418014129e+01 -1.3342302882e-01
157.48080 -2.78410 1.4378938173e+01 -2.2651253578e-03
157.49840 -30.65200 1.4206057870e+01 7.9923855854e-02
157.92800 -53.76060 1.4473244106e+01 -9.7820827793e-02
158.08310 -45.11190 1.5195518119e+01 -1.1462604582e-01
158.08310 -45.11190 1.4129854346e+01 4.1835997107e-01
158.08430 -61.73050 1.4501129659e+01 -1.4273517107e-01
158.23420 -44.66370 5.8474436304e+00 8.8338802299e+00
158.28160 -58.71200 1.4541261597e+01 2.0603915891e+00
158.28160 -58.71200 1.5975290353e+01 -5.8811363741e-01
158.31780 9.26130 1.3964957962e+01 1.5783193097e-01
158.31780 9.26130 1.3816475829e+01 1.9588103505e-01
158.32970 -47.04860 1.2371467425e+01 1.0677815041e+00
158.87370 8.60500 1.5781805654e+01 -1.2076485331e+00
158.98160 -57.60310 1.6677363402e+01 -1.8310250509e+00
158.98160 -57.60310 1.8527519357e+01 -3.1621120648e+00
159.24320 -12.27560 1.3535166707e+01 3.0860781814e-01
159.41840 -48.27120 1.4393182576e+01 -9.3806705030e-02
159.41840 -48.27120 1.6072704291e+01 -8.1649116632e-01
159.44660 -58.77890 1.9228509412e+01 -2.9616679967e+00
159.59660 -57.30190 1.3624090946e+01 1.2541417123e-01
159.75260 -16.92230 1.5664117981e+01 -8.7926506330e-01
159.91420 -55.64900 1.4895317851e+01 -3.9756639320e-01
159.91420 -55.64900 1.6572633684e+01 -1.2518497848e+00
160.12400 -65.14600 2.6132726212e+01 -7.5188530443e+00
160.63700 -64.51240 1.9958220621e+01 -3.3585549052e+00
160.75410 -59.26170 1.3710015029e+01 6.3407212629e-01
160.81780 -64.44040 1.5554989159e+01 -6.7049322357e-01
160.81780 -64.44040 1.8257810906e+01 -2.7002352905e+00
160.96840 -60.61270 2.0479599375e+01 -4.2411088199e+00
160.96840 -60.61270 2.5065479160e+01 -6.6746129818e+00
161.04250 -64.29510 2.5592552733e+01 -7.2898895840e+00
161.64880 -64.56080 2.3081650677e+01 -4.7682076651e+00
161.78670 -49.46650 1.3892906638e+01 2.9964584641e-03
161.78670 -49.46650 1.4831357061e+01 -2.9069613942e-01
161.79370 -64.42970 1.4411978712e+01 1.1062209262e-01
161.82830 -56.80350 1.5505037517e+01 -6.5395725052e-01
161.82830 -56.80350 1.6900291992e+01 -1.3713275009e+00
162.10870 -59.96550 2.0410212797e+01 -3.3403783288e+00
162.10870 -59.96550 1.4566815386e+01 5.5734063763e-01
162.16160 -31.73420 1.8511164502e+01 -2.6160186636e+00
162.43900 -59.37020 1.6992696046e+01 -1.2822809135e+00
162.51400 -16.24010 1.3550338068e+01 8.0331033215e-02
162.51400 -16.24010 1.4043275427e+01 2.5330536840e-01
163.21870 -57.28700 1.4997779041e+01 -1.7021531923e-01
163.21870 -57.28700 1.5291411855e+01 -4.1798494440e-01
163.48000 -20.18540 1.3955016970e+01 7.7102406367e-02
163.48000 -20.18540 1.3851523298e+01 1.7455864283e-01
163.54370 -2.17590 1.4938740364e+01 -5.3269828965e-01
164.28140 -37.18460 1.3879750050e+01 -2.9590461937e-02
164.37870 -50.81190 1.4097951500e+01 -1.5678841705e-01
165.05150 -18.34580 1.4377476299e+01 -2.5933122766e-01
165.09740 -43.85420 1.4200798733e+01 5.0651155838e-02
165.13930 -42.27290 1.4212287269e+01 4.4587573035e-02
165.13930 -42.27290 1.4351208045e+01 -5.1240904824e-02
165.13930 -42.27290 1.4166679109e+01 8.5752367106e-02
165.13930 -42.27290 1.4410280624e+01 -5.7038701630e-02
165.13930 -42.27290 1.3647419014e+01 1.9910665634e-01
165.30010 6.05440 1.3692504738e+01 2.4532767936e-01
165.56850 -2.53170 1.3893143371e+01 1.3996297526e-01
166.32950 -35.85200 1.4078356632e+01 1.5140570158e-01
166.36780 7.28870 1.3788850909e+01 1.3278608957e-01
166.43910 -27.34090 1.4669455321e+01 -1.7878319883e-02
166.43910 -27.34090 1.4576408922e+01 4.4221728100e-02
166.43910 -27.34090 1.5142781417e+01 -2.3304478063e-01
166.59610 -27.33520 1.9078696236e+01 -3.9026821207e+00
166.72570 -62.47150 1.4491590838e+01 -1.1923841107e-01
166.92140 -42.68610 1.4480749326e+01 -2.3391892525e-01
167.23340 -61.99470 1.7433696380e+01 -2.1753564401e+00
167.28970 -28.12820 1.4297465810e+01 3.1481525959e-02
167.57790 -32.41510 1.4307680396e+01 -2.6983998987e-02
168.02230 -22.87350 1.4130084814e+01 7.2107593746e-02
168.23830 -49.14870 1.3749766926e+01 3.3103338210e-01
168.23830 -49.14870 1.4663677977e+01 -2.7813216270e-01
168.24460 -60.36530 1.6964794248e+01 -1.7819185888e+00
168.24460 -60.36530 1.6414613333e+01 -1.4187096324e+00
168.27990 -64.21750 1.4493426867e+01 -1.4511798571e-01
168.55190 -0.11720 1.3875505045e+01 1.9766154366e-01
169.27690 -3.69940 1.4120812617e+01 2.2875163030e-02
169.94500 -14.82650 1.3759223630e+01 -8.4090338009e-03
169.94500 -14.82650 1.4732172399e+01 -2.4181859876e-01
170.35230 -54.53900 1.4730740240e+01 -1.8741572250e-01
170.35230 -54.53900 1.4327923977e+01 2.6290763748e-03
170.39710 5.98130 1.4205500911e+01 4.7219477538e-02
170.88410 -56.82740 1.4601638244e+01 -2.0600140487e-01
170.90930 -36.21290 1.4817548482e+01 -4.8204817662e-01
170.90930 -36.21290 1.5554986872e+01 -9.7156226633e-01
170.93470 -65.00280 1.3941244910e+01 9.6640120352e-02
171.09450 10.48140 1.3794622217e+01 1.6475292372e-01
171.26310 -10.90750 1.3338164132e+01 3.2845829365e-01
171.33020 -17.73220 1.4210599918e+01 -2.6788532642e-02
171.47950 -36.11120 1.7026045963e+01 -2.5662685013e+00
171.47950 -36.11120 1.8407269784e+01 -3.7528125570e+00
171.47950 -36.11120 1.5453301709e+01 -9.4651657424e-01
171.74690 -61.16340 1.9250315989e+01 -3.2471643729e+00
171.74690 -61.16340 1.8948368566e+01 -2.9860707927e+00
171.74690 -61.16340 1.4338129686e+01 -1.7566086711e-01
172.25210 -42.72250 1.4232076252e+01 8.4876584243e-02
172.25210 -42.72250 1.4095955451e+01 7.2607007637e-02
172.69050 -3.05180 1.2829391538e+01 1.0093177583e+00
173.04400 -59.49040 1.4416031631e+01 8.3301179956e-02
173.17720 -29.30940 1.3682904197e+01 2.0947465155e-01
173.33420 -31.13560 1.3729582693e+01 1.1109644553e-01
173.35900 -31.90600 1.3672529217e+01 1.6609981942e-01
173.51230 -40.63500 1.4228395297e+01 6.1427203070e-02
173.79490 -54.31250 1.5243384420e+01 -5.4146500265e-01
173.91180 -47.42100 1.9945361868e+01 -4.2450043921e+00
174.04740 -63.06830 1.6220125592e+01 -1.3325528556e+00
174.08810 -47.69010 1.6332018177e+01 -1.1734954686e+00
174.19630 -61.10090 1.5941660209e+01 -7.1573333641e-01
174.28170 -9.85070 1.4716737760e+01 -2.5528672286e-01
174.28170 -9.85070 1.5198529501e+01 -6.2279485958e-01
174.35540 -61.33190 2.0384023084e+01 -3.7916087963e+00
174.35540 -61.33190 2.0178271410e+01 -3.5758566604e+00
174.35540 -61.33190 1.8406208695e+01 -2.6031855712e+00
174.63390 -61.87510 1.5682324087e+01 -8.6453617222e-01
174.97600 -65.44630 1.4177291448e+01 7.3453739951e-02
175.16250 -34.79320 1.4449215278e+01 -4.0544940067e-02
175.16250 -34.79320 1.4730593164e+01 -1.1694518458e-01
175.32800 -62.13860 1.7002406310e+01 -1.8087822359e+00
175.44090 -43.14420 1.3467872550e+01 5.5848646922e-01
175.54280 -32.54800 1.9190405241e+01 -3.3533263233e+00
175.98540 -62.53800 1.3733635762e+01 1.2430100737e-01
176.30170 -18.39930 1.3772031420e+01 1.8568334128e-01
176.43350 8.20950 1.5413989165e+01 -8.2744534799e-01
176.50680 -66.77740 1.4112476514e+01 1.5837109869e-01
176.54220 -45.73870 1.3791480052e+01 -1.0386850243e-01
176.57720 6.48080 1.5000298801e+01 -7.3423239500e-01
176.73540 -61.22700 1.6501313141e+01 -1.7011283570e+00
176.73540 -61.22700 1.4410086689e+01 -2.5504072648e-01
177.16690 -66.86360 5.0171491854e+01 -2.7520317718e+01
177.16690 -66.86360 6.4821007080e+00 7.2511367877e+00
177.27400 14.23560 1.3790289603e+01 1.8813437918e-01
177.37760 14.52340 1.5322949790e+01 -6.7601687107e-01
177.59210 -70.27450 1.3505690967e+01 2.3330127290e-01
177.59210 -70.27450 1.9907174042e+01 -4.0131865197e+00
177.78600 1.71610 1.3889665189e+01 2.9111813882e-02
177.78600 1.71610 1.3595252197e+01 1.3259389183e-01
178.07190 -65.25460 1.4421803529e+01 -2.2058074686e-02
178.07190 -65.25460 1.4691052780e+01 -2.3680137027e-01
178.15240 -57.03640 1.4151400714e+01 1.3901031664e-01
178.33830 -33.95680 1.4217948750e+01 1.0510195304e-01
178.78880 -25.76260 8.3062149863e+00 5.8155141221e+00
178.86010 -63.32790 1.4135233608e+01 8.0163893007e-02
179.11580 -17.19950 1.4090225802e+01 1.0046383856e-01
179.11580 -17.19950 1.4538908566e+01 -2.8679462380e-01
179.11580 -17.19950 2.1799111996e+01 -4.9934597031e+00
179.52790 -62.49750 2.1298545481e+01 -4.6722188371e+00
179.52790 -62.49750 1.5954380194e+01 -1.0013531295e+00
179.67500 -56.36600 1.5237921195e+01 -6.0006255993e-01
179.81020 -64.38830 1.3996100660e+01 1.4908184803e-01
180.32530 -19.70770 1.4368935403e+01 -7.4797939054e-02
180.33040 6.56560 1.4580018902e+01 -1.0908238114e-01
180.77070 -69.24100 1.8784229538e+01 -3.0264460356e+00
180.86970 -63.36160 1.9322035416e+01 -3.5549817595e+00
180.86970 -63.36160 1.4766676696e+01 -3.9793481507e-01
181.02770 -42.48280 1.7708806849e+01 -2.2078745930e+00
181.27670 -68.37760 1.4201347960e+01 -1.6416575515e-01
181.41420 8.68430 1.9503365193e+01 -3.3503619724e+00
182.13600 -50.71000 1.4838089424e+01 -2.4891906894e-01
182.20390 -50.77110 1.4179538594e+01 2.1968202159e-01
182.20390 -50.77110 1.4160432503e+01 2.1913514515e-01
182.20390 -50.77110 1.4216526507e+01 3.2109131011e-03
182.21630 -24.77750 1.4186318351e+01 -4.5067917729e-02
182.21630 -24.77750 1.4041021220e+01 -3.7457328592e-03
182.64420 -22.66840 1.3773369827e+01 -8.7523788550e-02
182.64420 -22.66840 1.3670187516e+01 -3.9670506845e-02
182.64420 -22.66840 1.4147152809e+01 -3.3440398549e-03
183.02830 -52.41710 1.4614561387e+01 -1.4224333032e-01
183.90380 -58.79750 1.4100036771e+01 1.5208324556e-01
183.90380 -58.79750 1.4178531553e+01 1.0356208897e-01
183.90380 -58.79750 1.4038216464e+01 1.5193642194e-01
184.06470 -17.59050 1.3965979522e+01 1.4945260141e-01
184.11190 14.85050 1.3782464440e+01 1.9913230496e-01
184.11190 14.85050 1.7717270904e+01 -2.5433862566e+00
184.72960 -64.05160 1.6551891275e+01 -1.4323332595e+00
184.72960 -64.05160 1.6846074867e+01 -1.6644313954e+00
184.72960 -64.05160 2.2516212441e+01 -5.2599718084e+00
184.78010 -0.83570 2.4374646764e+01 -6.8637770053e+00
184.86690 -55.19150 1.4254474998e+01 -5.5413987299e-03
185.08860 -0.71530 1.4475358897e+01 -7.2534050732e-02
185.08860 -0.71530 1.4243268142e+01 3.1622146055e-02
185.15870 -22.22420 1.5822121213e+01 -7.8741893805e-01
185.25410 -22.26440 1.4942729580e+01 -2.5120556814e-01
185.25410 -22.26440 1.3713676127e+01 2.8527761953e-01
185.46020 -60.44960 1.4209274525e+01 -3.0100721472e-01
185.65420 -67.57060 1.5969675620e+01 -1.0370299671e+00
185.82580 -57.72460 1.5396978896e+01 -7.1550766839e-01
186.01330 -35.46110 1.5640650921e+01 -7.9191107253e-01
186.05260 -38.95980 1.6341063174e+01 -1.2673765923e+00
186.05260 -38.95980 1.6556582082e+01 -1.4064636717e+00
186.75150 -51.49900 1.4342790048e+01 2.3431715063e-02
186.75150 -51.49900 1.4124140157e+01 9.7100207937e-02
187.12920 -50.27900 1.4541386316e+01 -9.0050698648e-02
187.12920 -50.27900 1.4425192217e+01 -5.3541124243e-02
187.58000 -16.56370 1.4592824053e+01 -1.4086042679e-01
187.58000 -16.56370 1.6001352851e+01 -1.3204283660e+00
187.91390 -57.16150 1.2988661752e+01 2.8504233622e-01
187.91390 -57.16150 1.3046730364e+01 2.5771679545e-01
187.91390 -57.16150 1.2923353260e+01 3.5041355355e-01
187.91390 -57.16150 2.5274702407e+01 -6.4870710282e+00
188.10960 -63.55410 1.7649801068e+01 -1.6341508081e+00
188.13170 -16.24420 1.7358394340e+01 -1.5962166697e+00
188.25040 -72.18120 1.3860198673e+01 3.6856886518e-01
188.55810 -9.50020 1.3789454842e+01 8.9238238694e-02
188.71210 -23.44490 1.3745012033e+01 6.3823991900e-02
188.71210 -23.44490 1.3841488081e+01 1.4277329665e-01
189.12280 -39.91760 1.3840927180e+01 3.8292421967e-01
189.42880 -69.18360 1.4997880507e+01 -4.6880744031e-01
189.54690 -48.58930 1.4677663936e+01 -1.9309403598e-01
189.54690 -48.58930 1.4214476776e+01 -5.6360951241e-03
190.08810 -40.03530 1.4560102385e+01 -1.5201556610e-01
190.43060 -13.06180 1.3821415111e+01 2.2546713344e-01
190.50160 -49.00780 1.3808000053e+01 2.6004656825e-01
190.50160 -49.00780 1.3803570807e+01 2.6189409456e-01
190.50160 -49.00780 1.4057395090e+01 2.6091343230e-02
190.52750 -1.49730 1.4208845751e+01 -8.6731224608e-02
190.52750 -1.49730 1.4006793737e+01 9.0308753122e-02
190.58160 10.18770 1.7658946030e+01 -2.0192160726e+00
190.61310 -59.73370 1.8335303583e+01 -2.5281722737e+00
190.61310 -59.73370 1.7690915077e+01 -2.1355938717e+00
190.77020 -48.86100 2.2955656506e+01 -5.9884292808e+00
190.83950 -63.10650 2.3809333977e+01 -6.1787322942e+00
191.02090 -1.62480 1.8495613343e+01 -2.9136269731e+00
191.70660 -68.15580 1.5798228638e+01 -9.9334082726e-01
191.72160 -56.53650 1.5785768289e+01 -8.3567547074e-01
191.72160 -56.53650 1.5540314201e+01 -7.7206718348e-01
192.05970 -59.73640 1.2765155270e+01 8.0104502838e-01
192.05970 -59.73640 1.4111574414e+01 8.3585124402e-02
192.79090 -34.04680 1.8930882603e+01 -2.5940325967e+00
192.95610 -60.37730 1.8883856448e+01 -3.1380781374e+00
193.40380 -48.99070 1.9453283014e+01 -2.5333754779e+00
193.47320 -60.37590 1.8785261605e+01 -1.9193973641e+00
193.47320 -60.37590 1.6018149196e+01 -6.2742574011e-01
193.58600 -60.42360 1.5228214618e+01 -2.8361106887e-01
193.77840 -57.22520 1.5402914226e+01 3.4128958992e-02
193.78370 -57.21600 1.6370749943e+01 -3.5871753975e-01
193.78370 -57.21600 1.6509515513e+01 -4.7719999647e-01
193.79470 -59.19400 1.6006137806e+01 -1.0114454830e+00
193.79470 -59.19400 1.4527264218e+01 -3.9659181228e-01
194.01230 3.35020 1.3581680574e+01 -4.7439979658e-03
194.01230 3.35020 1.9833416462e+01 -3.2717824142e+00
194.11830 -56.88310 1.9510892248e+01 -3.1996502731e+00
194.39520 -51.24590 1.5005806343e+01 -3.9616846441e-01
194.39520 -51.24590 1.4311696339e+01 -1.8945284757e-01
195.71930 -71.59580 1.4375354521e+01 -1.9269441470e-01
195.71930 -71.59580 1.6336219869e+01 -9.7502838392e-01
196.01660 -49.57410 1.4943799492e+01 -3.2230628859e-01
196.69740 -48.51000 1.4830346996e+01 -2.5744960429e-01
196.69740 -48.51000 1.4754530093e+01 -2.2285305594e-01
196.85650 -49.95290 1.5458899186e+01 -5.2702556013e-01
196.85650 -49.95290 1.6501579581e+01 -1.0523152332e+00
196.98780 -59.90710 1.6196823813e+01 1.8590990677e-01
196.98780 -59.90710 2.2994540144e+01 -5.8298542409e+00
197.04080 -53.50630 2.0855524709e+01 -4.3327072538e+00
197.17310 -65.35260 2.1467182846e+01 -4.6446245532e+00
197.38190 -23.16460 1.3957051388e+01 9.3003528152e-02
197.60100 -5.58540 1.4538833609e+01 -1.6570678328e-01
197.60100 -5.58540 1.4601200108e+01 -1.9854026666e-01
197.60100 -5.58540 1.4742073855e+01 -3.0202060490e-01
197.60440 17.48300 1.3662082177e+01 1.4070946941e-01
198.13120 -16.24490 1.3594573069e+01 2.4311368685e-01
198.13710 -37.84930 1.6518278662e+01 -1.3848344313e+00
198.66310 -19.97710 1.5098897329e+01 -6.9944882465e-01
199.71880 -18.35710 1.3813936857e+01 3.3540376915e-02
199.84960 -23.21730 1.3882432420e+01 -2.3529221026e-02
199.84960 -23.21730 1.3893686358e+01 5.5576899849e-02
200.27390 -36.75800 1.4078629169e+01 1.1029618594e-01
200.27390 -36.75800 1.4040738344e+01 1.4321526779e-01
200.27390 -36.75800 1.6217570758e+01 -1.1490627305e+00
200.29180 -52.79350 1.7614227417e+01 -2.1471656230e+00
200.29180 -52.79350 1.6957064598e+01 -1.6247974498e+00
200.70210 -52.22850 2.0210047165e+01 -4.0644244654e+00
200.80130 -61.03390 1.6836513293e+01 -1.5447071385e+00
201.41380 -11.20670 1.5979993716e+01 -1.0253289985e+00
202.49040 -51.21020 1.4346076378e+01 -4.1897565633e-02
202.49040 -51.21020 1.4188547467e+01 8.9272435673e-02
202.49040 -51.21020 1.4115511788e+01 -1.4986580765e-01
202.88870 -39.45220 1.3834114719e+01 1.4268776422e-01
203.64390 3.61430 1.4274311101e+01 -3.1403324942e-02
203.78560 -0.64040 1.4110014867e+01 1.4670646917e-01
205.11180 -53.51050 1.3806622286e+01 3.0763082150e-01
205.11180 -53.51050 1.3976023204e+01 1.8723711750e-01
205.57810 -54.60340 1.5825619116e+01 -8.8923598363e-01
205.65140 -58.83100 1.9061243911e+01 -2.9457366975e+00
205.65140 -58.83100 1.4993735255e+01 -3.2075413406e-01
206.54810 -33.08730 1.4185215476e+01 -4.2279337979e-02
206.80370 -51.47630 1.5365787616e+01 -4.9663066398e-01
207.48880 -34.49400 1.4625838960e+01 -2.9143213142e-01
207.50820 -41.73090 1.4419484631e+01 2.1193353003e-02
207.53680 -42.51690 1.4568405064e+01 -3.5938882130e-02
207.53680 -42.51690 1.4434552612e+01 7.6236322065e-02
207.53680 -42.51690 1.6097073468e+01 -6.6576928802e-01
208.08360 -33.03710 1.4421667601e+01 1.0899351273e-02
208.08360 -33.03710 1.4373305913e+01 4.4338783931e-02
208.08360 -33.03710 1.4416393149e+01 -1.8691067869e-03
208.08360 -33.03710 1.5010357924e+01 -2.5655674350e-01
208.42880 -31.97050 1.5361919717e+01 -4.7495065957e-01
208.42880 -31.97050 1.5106911358e+01 -2.5534217719e-01
208.51530 -35.70710 1.7097283596e+01 -8.7094673194e-01
209.02260 -47.33100 1.4071912096e+01 1.7801548314e-01
209.02260 -47.33100 1.5355069642e+01 -4.4493740289e-01
209.70160 -42.14310 1.4446257825e+01 1.4989370664e-03
209.70160 -42.14310 1.4474901257e+01 1.2718924956e-02
209.70160 -42.14310 1.4812196867e+01 -2.5005471866e-01
209.75310 -25.01460 1.5475188149e+01 -6.1522415002e-01
209.80590 -44.84590 1.4425930623e+01 1.4409672549e-02
209.80590 -44.84590 1.4438626880e+01 -1.0112092996e-01
210.56860 -45.64540 1.4622177181e+01 -1.6482491268e-01
211.64590 -41.22110 1.4944001123e+01 -2.2101362986e-01
211.64590 -41.22110 1.5141876958e+01 -3.7251590449e-01
211.64590 -41.22110 1.3936554173e+01 4.3754159399e-02
211.71780 -26.72380 1.3902896272e+01 -6.3825671417e-02
211.71780 -26.72380 1.3843544757e+01 -9.0363782512e-03
211.71780 -26.72380 1.3712815204e+01 6.4557413990e-02
211.80160 -36.41140 1.3331548815e+01 2.5612478381e-01
211.80160 -36.41140 1.3523383353e+01 1.6443933429e-01
212.62580 -53.48000 1.2721846955e+01 6.8093664454e-01
213.34090 -10.31440 1.4336639371e+01 -1.2836882150e-01
214.11860 -6.04090 1.4624796867e+01 -1.9041777245e-01
214.99200 -46.09800 1.4424735943e+01 1.6838875952e-02
214.99200 -46.09800 1.4205651015e+01 1.5650247794e-01
214.99200 -46.09800 1.4360269047e+01 5.5672135679e-02
214.99200 -46.09800 1.5230895982e+01 -5.6102432065e-01
215.23570 -56.42630 1.5369345325e+01 -5.9965040817e-01
215.27320 -37.92510 1.4362226578e+01 1.1707779146e-02
215.27320 -37.92510 1.4543327798e+01 -1.6540125168e-01
215.71400 -34.82640 1.6508710038e+01 -1.4841783748e+00
215.81290 -58.49870 1.4606245724e+01 -7.9638266471e-02
215.89490 -39.55130 1.4578817488e+01 -1.8009854853e-02
215.89490 -39.55130 1.5595231410e+01 -4.2955428102e-01
216.67560 -45.26050 1.5929687856e+01 -6.8876924937e-01
217.67810 -45.35990 1.7964724928e+01 -1.5120914547e+00
217.67810 -45.35990 1.2431272380e+01 1.4031898902e+00
218.30300 -50.49540 1.4811335183e+01 -2.1620796729e-01
219.01660 -42.19570 1.4008123284e+01 1.8423079631e-01
219.01660 -42.19570 1.4152524059e+01 1.1412912539e-01
219.02040 -41.55530 1.9423184597e+01 -1.7515498005e+00
219.02040 -41.55530 1.8629184081e+01 -2.1544327408e+00
219.62010 -49.46340 1.4942892671e+01 -2.4594976765e-01
220.06440 -60.87450 9.9511794951e+00 2.6193239221e+00
220.07030 -60.87130 1.3141885396e+01 3.8117555849e-01
220.39170 13.69120 1.4400865801e+01 3.2565546496e-02
220.62660 -37.83050 1.4058950696e+01 1.7650102950e-01
220.62880 -47.42520 1.3886251256e+01 2.4615570807e-01
220.62880 -47.42520 1.3956510936e+01 2.4493945648e-01
220.80690 -65.01210 1.4327948252e+01 -1.1917388676e-01
220.88030 -5.69510 1.5024475022e+01 -5.2214232416e-01
221.04890 -35.21040 1.5192843321e+01 -6.2912401298e-01
221.04890 -35.21040 1.4897349859e+01 -4.1346355158e-01
221.04890 -35.21040 1.5199245927e+01 -6.1726083960e-01
221.04890 -35.21040 1.6166302219e+01 -8.4926702321e-01
221.38150 -35.22840 1.5328562407e+01 -4.2801169888e-01
221.67320 1.85650 1.7303977259e+01 -9.6700735901e-01
221.97170 -25.66050 1.5224570939e+01 3.9584375682e-01
221.97170 -25.66050 1.6731902152e+01 -8.9763218523e-01
221.97170 -25.66050 1.8348765489e+01 -1.6842622773e+00
222.79320 -16.03300 1.4469076015e+01 -1.3822020521e-02
223.05330 -43.61100 1.4625828658e+01 -8.7763124803e-02
223.05330 -43.61100 1.4620298058e+01 -9.9470822130e-02
224.77720 -43.16860 1.4258335156e+01 9.4989871445e-02
224.77720 -43.16860 1.4453712089e+01 -1.5837036548e-01
226.14620 -25.31570 1.4584111333e+01 -4.1121994742e-02
227.35910 -45.31290 1.4810041776e+01 -9.1493023094e-02
228.13710 -48.77040 1.4899272092e+01 -1.7263962196e-01
228.13710 -48.77040 1.4904022666e+01 -1.6827356635e-01
228.13710 -48.77040 1.4721967305e+01 5.7004891195e-01
228.14370 -48.77620 1.6651191311e+01 -1.1168941011e-01
228.14370 -48.77620 1.6746256819e+01 -1.7216757312e-01
228.14370 -48.77620 1.6988427744e+01 -7.1463585069e-01
228.18050 -19.82420 1.4898089349e+01 -1.9912698890e-01
228.22990 -52.13170 1.4213155580e+01 -8.8113639673e-02
228.22990 -52.13170 1.4275990929e+01 -1.2111608346e-02
228.35440 -44.53280 1.9105220285e+01 -1.9568741499e+00
229.12670 -48.10560 1.6350568812e+01 1.2860440751e-01
229.33130 -60.93580 1.6411241338e+01 2.1236084132e-02
229.33130 -60.93580 1.5029168115e+01 -2.4431591359e-01
229.41570 -60.98900 1.5560804874e+01 -6.6411114123e-01
229.78660 -47.90680 1.5864901471e+01 -5.4731038899e-01
229.78660 -47.90680 1.6929447165e+01 -1.7702688035e-01
229.88260 -60.52780 1.4808182704e+01 -1.0163987550e-01
230.48730 -40.67860 1.4640700897e+01 -3.0296527595e-02
230.48730 -40.67860 1.4734345540e+01 -2.4205092791e-01
230.59120 -36.29230 1.4565699396e+01 -3.3333627396e-01
230.59120 -36.29230 1.4264889630e+01 -1.2898479270e-01
230.59120 -36.29230 1.7986611899e+01 -1.2410915926e+00
230.60500 -48.34860 1.6719698555e+01 -5.0512939894e-01
230.68830 -47.95870 1.4578563415e+01 -4.1076133834e-02
230.81970 -44.72040 1.4595678267e+01 -6.9794592677e-02
230.81970 -44.72040 1.4907108217e+01 -1.7668384508e-01
230.92940 -36.88920 1.6138355781e+01 -6.2961759717e-01
230.97310 -60.68790 9.0072230228e+00 4.5797744279e+00
231.02020 -59.35150 1.7259382172e+01 -1.5633876986e+00
231.47690 -38.76400 1.4927680356e+01 -2.0741877156e-01
231.96630 -36.79760 1.5126089191e+01 3.2212919860e-01
233.78850 -28.07580 1.4902374513e+01 -1.9971026146e-01
233.93170 -41.19550 1.4234811258e+01 1.4152550815e-01
233.93170 -41.19550 1.4222826326e+01 1.4704680843e-01
233.93170 -41.19550 1.4341821504e+01 5.9097665574e-02
234.20120 -44.42540 1.4261193337e+01 -1.1114882146e-01
234.38930 -28.16350 1.4172006254e+01 8.1962363119e-02
234.79890 -29.80590 1.4313855121e+01 9.7503260628e-02
234.79890 -29.80590 1.4359493089e+01 1.0653759236e-01
235.08100 -34.43990 1.5270138570e+01 -3.2393730377e-01
235.81090 -34.73780 1.5012505821e+01 -1.1268821633e-01
236.17450 6.39850 1.3602103033e+01 6.5898645246e-02
236.64780 15.39500 1.5762272016e+01 2.8121444871e-01
237.51960 -3.45640 1.4445207118e+01 8.1749495806e-02
237.87680 -25.77720 1.4476569416e+01 6.7256168198e-02
237.87930 -33.65310 1.6563504496e+01 -3.9577324485e-01
237.92930 -3.11640 1.2762760729e+01 1.6482769424e+00
239.00800 -26.29110 1.3952232864e+01 3.9041742416e-01
239.36580 -33.98920 1.4146962058e+01 4.5867622371e-01
239.84570 -26.13860 1.3770696298e+01 3.9364538091e-01
239.84570 -26.13860 1.4389738460e+01 1.3680053441e-01
240.17610 -38.42100 1.4793925589e+01 -2.0102162134e-02
240.17610 -38.42100 1.4196427732e+01 3.4823343920e-01
240.21310 -22.64600 1.3970829409e+01 5.0821455204e-01
240.99690 -38.62620 1.6289141578e+01 -1.5107020571e-02
240.99690 -38.62620 1.5906271614e+01 -2.6935528218e-01
241.48680 -19.82880 1.3947465184e+01 3.0023956901e-01
241.48680 -19.82880 1.3862258230e+01 3.1463964836e-01
241.48680 -19.82880 1.4024899460e+01 2.5919603613e-01
241.48680 -19.82880 1.4164423077e+01 1.8368372583e-01
241.48680 -19.82880 1.3952293097e+01 2.7349470519e-01
241.48810 -19.82520 1.6384738769e+01 2.3060170070e-01
241.48810 -19.82520 1.6210338668e+01 3.2294907416e-01
241.48810 -19.82520 1.6333842973e+01 2.7142866633e-01
241.48810 -19.82520 1.5260140886e+01 -3.0064210184e-01
241.77790 -45.19630 1.4681028139e+01 8.3760718050e-02
241.83010 -20.69220 1.4478858084e+01 2.7107472578e-01
241.83010 -20.69220 1.5947511812e+01 -2.4581382022e-01
241.97980 -20.89170 1.4834327824e+01 2.5121455356e-01
241.97980 -20.89170 1.4083050572e+01 6.7722975930e-01
243.52020 -55.56270 1.5863629757e+01 -1.6492989327e-02
243.54320 -54.65220 1.9687157715e+01 -2.8631475749e+00
244.35240 -53.83230 1.5953898700e+01 -3.9217395851e-02
244.41840 -50.08920 1.4668224804e+01 -1.3040760736e-01
245.43050 -25.61310 1.3792027432e+01 3.0043396096e-01
246.95710 -47.57390 1.4890517735e+01 -1.0827796529e-01
247.48640 -26.45070 1.2884968229e+01 4.4546601125e-01
247.48640 -26.45070 1.3859434838e+01 3.8604056015e-01
247.98890 -34.72270 1.4149810459e+01 2.4177533464e-01
249.10710 -28.23340 1.4281003998e+01 1.3500504226e-01
249.10710 -28.23340 1.2516026657e+01 1.2088609936e+00
253.11620 -38.06160 1.4371364121e+01 3.5620351541e-01
253.11620 -38.06160 1.4429351735e+01 3.4479439868e-01
253.23250 -38.03160 1.4769208798e+01 4.4894878505e-01
253.23250 -38.03160 1.4998578906e+01 3.7745145547e-01
253.65360 -42.37580 1.6024144774e+01 5.2122036689e-02
253.66150 -41.82020 1.5374549322e+01 7.0943111048e-01
253.66150 -41.82020 1.6035577664e+01 4.3394916035e-01
253.76720 -42.49260 1.7223340598e+01 -8.6860169664e-02
253.76720 -42.49260 1.5097987141e+01 3.9080539912e-02
