11.00650 -17.93880 1.3611366136e+01 4.3113191254e-01
16.61840 -46.67170 1.4222430493e+01 2.8961405461e-01
16.63110 -9.79270 1.6102752541e+01 3.4542152656e-01
17.05220 -9.73900 1.6653459935e+01 2.1306131221e-01
21.11540 -8.13780 1.4142841474e+01 2.8805943687e-01
22.18610 -43.27310 1.4335949957e+01 1.3712683910e-01
22.90320 -49.02780 1.4680485165e+01 8.2774803596e-02
26.12300 -15.89370 1.4028808188e+01 2.6791418170e-01
27.50410 -10.64320 1.5496753649e+01 1.8041514907e-01
27.97310 -10.29200 1.4331251722e+01 2.6819154761e-01
29.07170 -51.56630 1.4684687393e+01 -6.9952561883e-03
29.76000 -61.52760 1.3142280304e+01 9.6214561456e-01
30.04530 -20.78240 1.5919336816e+01 2.2866945516e-01
30.10400 -21.03570 1.4412068895e+01 2.7325558170e-01
30.15160 3.13920 1.6216642330e+01 3.3370693280e-01
34.20510 -51.47190 1.4453349251e+01 1.0886443925e-01
35.47710 -68.61970 1.3246255081e+01 1.0754367757e+00
36.82640 -47.66480 1.4349162893e+01 1.9586096097e-01
39.98290 0.36590 1.4245136797e+01 2.5085429132e-01
40.93910 3.27260 1.4159299735e+01 2.3005327478e-01
41.13480 -13.82200 1.4341011778e+01 1.9199000029e-01
41.37710 -18.53600 1.4051706559e+01 4.6159730213e-01
42.30450 -62.77050 1.5037467633e+01 3.1018258352e-01
44.21360 -8.86320 1.4215969841e+01 2.8431574430e-01
44.62100 -23.57130 1.5660714480e+01 6.9684209387e-01
44.64840 -40.27000 1.3793526097e+01 4.0931305613e-01
44.74080 -64.03670 1.5103187333e+01 5.6883243393e-02
45.03210 -2.43050 1.4947437940e+01 5.5159335130e-01
45.39920 -7.62880 1.5765886095e+01 2.1434521693e-01
45.68450 4.12380 1.4299064293e+01 1.1697204856e-01
45.69480 -23.59040 1.3736957038e+01 6.8963150535e-01
45.70860 4.38690 1.7168989125e+01 1.7888068691e-01
45.78350 -7.65150 1.5172072702e+01 4.1529041019e-01
48.11090 -28.95510 1.5717638059e+01 -1.1555382900e+00
49.06480 -8.78780 1.4529050777e+01 3.4743640486e-01
49.97640 -21.72650 1.4566213708e+01 -1.2731493285e-01
50.05910 -43.03850 1.4390453571e+01 1.2712130027e-01
51.32140 9.05930 1.4159226719e+01 2.1755092898e-01
51.91100 9.76280 1.4272370469e+01 1.5506136542e-01
53.33830 -9.42910 1.4633067816e+01 9.9217878013e-03
53.54350 -21.60390 1.4657728749e+01 -1.1384998391e-01
54.30950 0.61620 1.6342602849e+01 -1.2872158417e-02
54.33060 0.43010 1.4537139306e+01 1.5976271524e-01
54.35220 -40.24610 1.4800863837e+01 4.2648133754e-02
55.79000 -37.28610 1.4074500116e+01 6.9731824198e-01
55.91720 -9.73610 1.4332935469e+01 2.4736016229e-01
56.07610 -64.77970 1.3364541028e+01 9.4364821273e-01
56.63890 -12.07480 1.4066063268e+01 5.1134018817e-01
56.80660 -23.22300 1.5135799391e+01 -1.9130079442e-01
57.00920 -23.84810 1.6516580733e+01 -6.2431564544e-01
57.23000 -37.59380 1.3508242509e+01 9.4347401095e-01
57.42720 24.16300 1.7753865742e+01 2.3016814689e-02
57.44560 -36.17400 1.5126687009e+01 -2.8963631690e-01
58.52100 -24.58680 1.3655238289e+01 9.7709102588e-01
58.68290 -2.92940 1.4230936303e+01 3.0257013500e-01
59.60940 -13.48380 1.4002317510e+01 3.6677730632e-01
59.72140 -61.37560 1.5528443782e+01 -1.6644778142e-01
60.25630 -62.13510 1.0088779638e+01 3.8149878202e+00
60.29150 12.51450 1.4144170891e+01 1.9557604006e-01
60.36110 -61.05470 1.5537566713e+01 1.4289028601e-02
60.90560 6.01300 1.4470462993e+01 1.8247404826e-01
61.05200 5.45920 1.6039148507e+01 6.5990617684e-02
62.70070 -6.90150 1.6090295538e+01 1.0587837725e-01
62.78390 -41.97130 1.5789703333e+01 1.8225459752e-02
63.07330 -6.81550 1.4956575419e+01 -1.7413272054e-01
63.57290 -42.27270 1.4922993633e+01 -3.1964065888e-01
63.60410 9.28550 1.5584426581e+01 7.2002690570e-02
63.63460 -62.45220 1.3487024593e+01 9.0277002270e-01
63.70290 -10.23470 1.4507532495e+01 4.1985923153e-01
63.73160 -62.17020 1.6291168676e+01 3.4661108879e-01
63.77080 10.03300 1.5381906038e+01 3.8386090337e-01
63.92420 -7.63140 1.4502102784e+01 1.2049419444e-01
64.00250 8.91380 1.4727343701e+01 2.0635374888e-01
64.15920 -59.28090 1.4066618929e+01 5.3862370575e-01
64.55630 -33.77740 1.4398364077e+01 1.5174083317e-01
65.07280 15.64820 1.4409933252e+01 2.0630363828e-01
65.27530 15.11590 1.5061138160e+01 6.1116531873e-01
65.85990 17.56250 1.4108360002e+01 5.6756341403e-01
65.97990 16.79710 1.4461974471e+01 1.1873106446e+00
66.09130 -33.99710 1.4731656589e+01 -9.8377632344e-02
66.15010 17.46390 1.5448920805e+01 3.8363379604e-01
66.47270 22.31340 1.4722968169e+01 3.5032589252e-01
66.48450 22.21950 1.5653804735e+01 4.1216814630e-01
66.49900 17.94740 1.4486360763e+01 5.1469607501e-01
66.70780 22.83290 1.4801539954e+01 3.4561683868e-01
66.71100 15.63760 1.6083539023e+01 -1.1627700564e-01
66.95380 23.01550 1.3882989397e+01 1.1387513186e+00
67.26870 15.98110 1.5635831159e+01 1.8154080238e-01
67.28190 19.19930 1.5347148979e+01 -3.5744294968e-01
67.29040 15.88970 1.5403782120e+01 -1.1067702739e-02
67.38050 -13.02960 1.4897458136e+01 6.2028215886e-01
67.66050 15.65640 1.5515614921e+01 9.8563604748e-01
67.76530 16.21250 1.7088624083e+01 -3.5797896372e-01
67.78680 15.71030 1.5239340954e+01 1.0381102806e+00
68.46350 -29.74860 1.4109374191e+01 8.9038865452e-01
68.65400 -8.21360 1.5378086417e+01 1.9150060925e-01
68.97290 -30.54480 1.4647756857e+01 7.7151778516e-02
69.03380 10.17830 1.3704738588e+01 6.7973390006e-01
69.10570 16.52670 1.3884875296e+01 2.2753650265e-01
69.18920 -3.33510 1.5181996197e+01 -4.5609485064e-01
69.64550 -14.28700 1.5303125653e+01 -5.1381804293e-01
69.66160 12.52780 1.4699456256e+01 8.9582687367e-02
69.66460 16.05030 1.6288383728e+01 6.5972571978e-01
69.82540 -12.10630 1.5161000373e+01 -1.6042023361e-01
69.91340 15.81660 1.1045364487e+01 3.1156181937e+00
69.93250 -14.34240 1.5571693648e+01 7.6051680450e-01
69.94390 15.93470 1.3217979531e+01 1.3801168069e+00
70.13620 12.21420 1.5453218443e+01 3.5608727089e-01
70.20620 -19.65500 1.4327879262e+01 2.9049774428e-01
70.21150 -41.84720 1.4472532023e+01 2.3620361014e-01
70.74980 -50.46530 1.5695910915e+01 -3.7358402775e-01
71.48510 -3.23910 1.4357542996e+01 1.8859278127e-01
72.23410 -16.31460 1.7402051694e+01 -1.1047722719e+00
72.57780 6.97590 1.5557168500e+01 -8.4008555896e-01
72.64700 -16.20260 1.7239004881e+01 -1.8326127527e+00
72.77240 8.91460 1.4299208233e+01 3.2519540256e-01
72.91820 5.61950 1.5583477479e+01 -8.2127889577e-01
73.33130 -5.43870 1.3806788371e+01 6.9018820803e-01
73.45900 2.52210 1.6358538261e+01 1.7050442524e-01
73.67700 2.45440 1.3743092302e+01 8.0827730077e-01
73.92600 -16.40420 1.6296854221e+01 -3.0550358184e-01
74.21620 13.52780 1.3312257113e+01 8.3816407258e-01
74.75060 1.72690 1.4660744593e+01 1.1055641129e-01
75.08390 -12.52480 1.3450928447e+01 1.2381367416e+00
75.46590 -7.16170 1.3776237297e+01 8.5335275636e-01
75.62970 -26.26290 1.3736755987e+01 1.2167822503e+00
75.76040 -49.13940 1.5744179235e+01 -2.1833067765e-02
75.77970 -22.78300 1.4400117019e+01 2.3175380256e+00
75.79780 -4.19810 1.6835027823e+01 4.7141917509e-01
76.18010 -35.47130 1.4608913794e+01 2.2216947773e-01
76.29830 -49.56630 1.4499834123e+01 8.4416294327e-01
76.41560 -57.46120 1.4057814078e+01 6.4901122806e-01
76.45790 -22.35960 1.4287764828e+01 2.1702912009e-01
77.07030 -5.07550 1.5848557076e+01 -1.1754246762e+00
77.18900 -8.65450 1.6706922504e+01 -3.1273162522e-01
77.29050 -4.44540 2.2794969901e+01 -5.3145235893e+00
77.39140 -8.74340 1.5149555798e+01 -2.9692962955e-01
77.94740 -11.83890 1.5973598298e+01 1.6326298519e-01
78.17670 -11.85920 1.4665873390e+01 1.8073545810e-01
78.30760 -6.04730 1.6671471628e+01 2.4367759346e-01
78.33110 -16.19560 1.4140917348e+01 3.0755744632e-01
78.40890 -12.93150 1.4114338005e+01 5.2843389385e-01
78.43730 2.87110 1.4745470036e+01 -3.5595868187e-02
78.73970 -8.19210 1.1333963293e+01 1.2832660207e+00
78.93930 -26.93410 1.4779420041e+01 3.6565153441e-01
79.44990 -34.88630 1.4236483472e+01 7.1042964449e-01
79.51820 -13.51090 1.8208864607e+01 -1.9501874745e+00
79.99470 -13.16830 1.5663449580e+01 -7.6638489004e-01
80.20560 -21.23140 1.4315033063e+01 3.9976047935e-01
80.49440 -0.40840 1.7111258932e+01 -8.6120908220e-01
80.55240 -0.37440 1.6513983622e+01 -1.1485928531e+00
80.82340 3.55230 1.3622797790e+01 1.2961511583e+00
80.93210 -8.40790 1.8311618700e+01 -1.6275674304e+00
81.03820 -0.15220 1.6862862617e+01 -6.2741545979e-01
81.09230 -7.80050 1.4991964130e+01 -1.9252475991e-01
81.22930 -2.38970 1.5581165277e+01 -8.4335007108e-01
81.23180 -0.88390 1.6709548659e+01 -1.2177592125e+00
81.30040 1.85390 1.3388654141e+01 1.5117193058e+00
81.40020 6.35700 1.4434217347e+01 -1.7094634906e-01
81.82400 3.10260 1.4682247220e+01 1.8317013944e-01
82.15510 -20.75280 1.3910132540e+01 4.4058528540e-01
82.45790 -3.44000 1.5920980301e+01 6.5126122043e-01
82.54440 -1.08590 1.4269296747e+01 8.0660644415e-01
82.59960 -47.07140 1.5147197567e+01 4.0669914775e-01
82.81320 5.95430 1.5050212607e+01 -4.2903839840e-01
82.87540 -20.85760 1.5860657200e+01 5.3217459864e-01
82.88080 -35.46440 1.4654348517e+01 4.5880762066e-02
82.92540 3.29820 1.3382680716e+01 1.7310777717e+00
83.08860 -7.29560 1.7430788219e+01 -2.1083654199e+00
83.11350 -0.29320 1.2938577762e+01 1.2556894018e+00
83.18150 18.60010 1.5008848278e+01 3.4615889495e-02
83.27910 -17.81650 1.3146251187e+01 9.0442906626e-01
83.28300 -1.58610 1.5160432234e+01 6.4028367468e-01
83.35880 -35.13370 1.6735999498e+01 -1.6024333866e-01
83.42550 -62.48420 1.3761930929e+01 4.0818278552e-01
83.51010 18.54580 1.7055543456e+01 -5.2667095705e-01
83.62770 -1.46480 1.8585966006e+01 -6.8848205181e-01
83.82530 9.49490 2.1275273836e+01 -4.0263196690e+00
83.92600 10.24530 1.7122213852e+01 1.0580547491e-01
84.16450 -1.19690 1.3379973299e+01 6.1806355317e-01
84.25570 -6.05980 2.0919082726e+01 -3.3022948089e+00
84.34660 9.29550 1.5159824143e+01 -1.6293906001e-01
84.52150 -28.68500 1.4963249046e+01 3.3064495054e-01
84.76470 -6.56950 1.8412312537e+01 -1.9113065006e+00
84.79640 -2.59560 1.4878695444e+01 9.8220238052e-02
84.82710 -7.20840 1.7586207967e+01 -2.4434055165e+00
84.91200 4.12580 1.5520801155e+01 -6.3863159737e-01
84.99150 -34.06980 1.3711516411e+01 4.1363390807e-01
85.32240 -1.12480 1.7239382354e+01 -6.6032711460e-01
86.19750 -65.73230 1.4945451666e+01 -1.7601987619e-01
86.20780 -22.44510 1.4527241747e+01 1.5277906344e-01
86.83810 -14.81920 1.4457603112e+01 1.4865953516e-01
86.87310 -51.06380 1.4536516459e+01 8.7774774827e-02
87.04290 -9.66700 1.3347782898e+01 5.3985112608e-01
87.49640 -56.16450 1.4755834225e+01 1.0776575243e-01
87.50180 -14.48150 1.0470641497e+01 4.9286613564e+00
87.73890 2.02670 1.6278759797e+01 -3.7587848870e-02
87.74490 14.30760 1.4800867811e+01 7.6873586866e-01
87.77130 -52.10700 1.4371648407e+01 9.0237839947e-01
87.81700 -35.76640 1.4119385990e+01 3.0696618273e-01
87.92390 -20.87730 1.4371310700e+01 1.4929968281e-01
88.21280 -37.62950 1.6627879867e+01 -7.1309645859e-01
88.21730 14.17340 1.0301709105e+01 3.8786464211e+00
88.35820 -33.79990 1.4549328386e+01 3.3049456604e-01
88.54140 -63.08840 1.3795331388e+01 9.0662096160e-01
88.91130 7.40800 1.2914070165e+01 5.6628612116e-01
89.16960 -31.38170 1.5470952386e+01 -1.3227212330e-02
89.20100 -14.16700 1.4393816270e+01 1.1444186582e-01
89.46180 -35.28280 1.4682296545e+01 3.9771077908e-02
89.85360 -42.81500 1.4572943502e+01 7.0358217738e-02
89.87180 -9.55810 1.4007328180e+01 1.0257694769e+00
90.12340 -3.07430 1.3718169187e+01 7.9573156491e-01
90.71620 9.64670 1.3810821484e+01 6.2140119951e-01
90.90300 -26.28530 1.3274972191e+01 1.6478755204e+00
91.23030 -45.08000 1.5869984982e+01 1.4833481396e-01
91.34400 -16.48550 1.4556311982e+01 3.7001174770e-01
91.54160 -66.04090 1.8570263193e+01 -2.0700692821e+00
91.63790 -14.93660 1.4351894063e+01 3.2541377433e-01
91.72500 -23.11230 1.3880330377e+01 1.4207003582e+00
91.83220 -21.81380 1.5627164968e+01 2.7212351074e-01
91.95690 -37.25460 1.4842876180e+01 5.9436815771e-02
92.01790 14.76680 1.4036022004e+01 5.8829258110e-01
92.03830 -42.15570 1.4926530057e+01 5.3262657381e-01
92.33310 -22.42940 1.4889434840e+01 5.7702955431e-01
92.54150 -22.77650 1.5286142679e+01 4.3532795604e-01
92.61730 -54.97090 1.4445483484e+01 2.9047551277e-01
92.73160 -27.15660 1.4775122930e+01 8.5566208763e-01
92.81730 -65.59180 1.3957211218e+01 1.1576900186e+00
93.07240 -6.55290 1.4007980922e+01 1.2049389510e+00
93.10940 14.20620 1.2670641913e+01 1.6837341005e+00
93.58490 -3.74440 1.3285394088e+01 2.2693327689e+00
93.76110 -4.57160 1.3720532660e+01 1.8386678051e+00
93.82060 -6.27800 1.4908533876e+01 -1.3205999173e-01
94.03720 -13.72180 1.4306742338e+01 5.6551506743e-01
94.06020 12.54770 1.4976284161e+01 5.1783646337e-01
94.12960 -16.62150 1.5659894295e+01 2.7824772676e-01
94.21590 -35.14410 1.4615950563e+01 7.6639397944e-02
94.23360 12.26860 1.2823219225e+01 1.7963062299e+00
94.52120 -16.81970 1.4244245857e+01 9.1486481812e-01
94.99950 -34.40080 1.5478398983e+01 2.7095390207e-01
95.03370 -7.82710 1.5226663235e+01 7.4973574617e-02
95.10790 -2.94880 1.5108194929e+01 1.6558370099e-02
95.16230 -30.06770 1.4028488958e+01 3.4890051732e-01
95.23020 -34.14860 1.4680577735e+01 8.4588167660e-01
95.60850 -33.44110 1.4688418254e+01 1.1600464011e-02
95.63850 -69.98880 1.7908055471e+01 -1.5488481958e+00
95.77130 -17.96080 1.2806143791e+01 9.4477413460e-01
96.03650 -52.70080 1.0094656853e+01 2.2249351489e+00
96.05800 4.58780 1.6367608160e+01 -1.0475132605e+00
96.07190 -25.58270 1.4132261688e+01 1.5349992101e+00
96.08020 -36.71290 1.4046566324e+01 1.4474694178e+00
96.08490 -60.28650 9.1527969425e+00 5.7080076605e+00
96.43020 -0.95130 1.4835649011e+01 1.0144456824e+00
96.91970 0.29340 1.6746458405e+01 -9.2596315539e-01
96.92680 -0.28180 1.4395504278e+01 1.3096696549e+00
97.09790 -4.76810 1.5262352527e+01 1.8938912213e-01
97.12370 -32.58610 1.4862230985e+01 8.4749401054e-02
97.24500 -32.37740 1.6207626626e+01 2.1425003010e-02
97.31060 -7.03920 1.4352557985e+01 1.2999460002e-01
97.87700 -51.83260 1.0016300332e+01 5.0813656701e+00
97.94750 -12.39860 1.5260259536e+01 1.2337590077e-01
98.05520 -23.42520 1.4446459735e+01 1.7154384843e-01
98.16390 -37.70360 1.4550119287e+01 6.5893247293e-01
98.19620 4.84910 1.3931092836e+01 1.8591324575e+00
98.24430 -32.03740 1.6177961166e+01 -2.0354640214e-01
98.34420 7.32590 1.3480480840e+01 1.0445982918e+00
98.53290 -36.23920 1.5800772736e+01 -6.3930846854e-02
98.72840 -32.72360 1.4979445216e+01 5.1787918821e-01
98.79230 -52.98300 1.4519542706e+01 2.6451827540e-01
98.85580 -22.97230 1.4790632449e+01 1.0455107774e-01
98.92700 -36.78740 1.5971729529e+01 -8.0108183427e-02
99.19100 -18.66760 1.7042278153e+01 -1.3931209862e-01
99.26630 -19.26370 1.4725878927e+01 4.3899358416e-02
99.29490 -13.32890 1.7657593194e+01 -1.4197606790e+00
99.38350 -36.99860 1.5557891053e+01 1.3238528825e-01
99.50730 -43.20400 1.4094363062e+01 3.3270375325e-01
99.53010 -32.34780 1.5182782932e+01 1.2462923765e-01
99.55410 16.39120 1.4250315604e+01 1.3674216233e-01
99.56880 -18.24550 1.5195142354e+01 -1.8739691632e-01
99.71520 -48.22840 1.5207698214e+01 8.7742172777e-02
99.91960 -14.15410 1.4446651869e+01 5.0756676142e-01
100.58930 -9.17640 1.3188340750e+01 1.8757455674e+00
101.12040 13.21870 1.5905955826e+01 9.0208570371e-02
101.20190 -31.07990 1.5290721369e+01 1.3790500901e-01
101.38490 -16.72570 1.0191893081e+01 1.7440849716e+00
101.42810 -31.80330 1.6431055553e+01 2.1066055238e-01
101.46340 -30.95860 1.5622676761e+01 1.5267683271e-01
101.59690 -14.80590 1.9110840205e+01 -3.1627517845e+00
101.75430 8.57730 1.6267045287e+01 7.8233782043e-03
101.77210 -51.27560 1.6568916703e+01 3.1868400056e-01
101.81270 -14.43590 1.8031784101e+01 -2.2918178229e+00
101.91410 -37.93970 1.4630790862e+01 5.9658134674e-01
101.95140 8.02720 1.4017433172e+01 8.9158537074e-01
102.00960 -9.00860 1.4354584501e+01 7.8758738342e-01
102.07040 -61.95160 1.3231204255e+01 9.3422435437e-01
102.07930 2.40200 1.4698218889e+01 1.2205762215e-01
102.33980 -15.15510 1.4089317584e+01 1.3225953689e+00
102.51130 -53.63300 1.4616803087e+01 1.5635668563e-01
102.53820 -50.62510 1.3745589649e+01 5.6208871775e-01
102.53930 -46.62510 1.4802691467e+01 2.9830837267e-01
102.54200 -32.51900 1.4319381845e+01 1.8229380087e-01
102.68000 -31.71670 1.6248700193e+01 4.2436450832e-01
102.68820 -17.09520 1.5641698220e+01 4.4022922023e-01
102.79770 -34.37810 1.4165898790e+01 8.6414672693e-01
102.83690 -70.97420 -7.7404301502e+00 1.7701652959e+01
103.42410 -19.04400 1.5891537194e+01 -1.8717469385e-01
103.48170 -20.23560 1.5486464275e+01 1.0594967951e-02
103.62390 -24.19560 1.5087862362e+01 -6.2939857729e-02
103.64950 -12.05010 1.4797722881e+01 -1.1291917650e-01
103.71390 -1.13850 1.5595419667e+01 7.3799236235e-04
103.85590 -20.41650 1.6619962932e+01 -9.4311798594e-02
104.00070 -20.14820 1.5480970490e+01 -1.7847664934e-02
104.03760 -22.95320 1.4528743931e+01 7.2913127577e-01
104.12790 -14.05530 1.4153929223e+01 9.2633088712e-01
104.13180 -17.06610 1.4946262821e+01 -1.7604495801e-01
104.48170 -24.64300 1.4040399774e+01 1.4408170344e+00
104.68470 -34.12400 1.4778299110e+01 2.5175454812e-01
104.73930 -25.42650 1.5242318646e+01 3.6740836337e-01
104.74240 -28.98440 1.2243095888e+01 1.2207536159e+00
105.19160 16.06630 1.2733402631e+01 2.3253133728e+00
105.20410 -8.41960 1.5852195491e+01 1.8193667973e-01
105.36470 -25.22850 1.5003581816e+01 6.8894917965e-01
105.51700 -27.94780 1.4817982588e+01 -3.2504741576e-02
105.59230 -5.73510 1.6260311178e+01 -4.5977778540e-01
105.84640 -59.19140 1.5645467213e+01 -8.8659995363e-02
105.84750 -23.84660 1.4161715663e+01 2.3317744124e-01
106.03040 -49.59730 1.4647061045e+01 3.5658911327e-01
106.03850 -15.64670 1.4716386879e+01 -8.6580141641e-03
106.05630 -43.62150 1.5208862519e+01 3.7583099603e-01
106.08110 -42.35070 1.4670294314e+01 4.0772692559e-01
106.11710 -56.76320 1.5334749532e+01 -8.1542088154e-02
106.12960 -5.33750 1.5822723009e+01 1.3409752315e-01
106.77260 -11.30800 1.6036065631e+01 -2.2460731488e-01
106.85120 -40.90740 1.5462362899e+01 2.0976578282e-01
106.93560 -23.85490 1.1001953372e+01 4.5665060072e+00
107.15720 -70.51150 1.5341263056e+01 9.7821600816e-01
107.16760 -70.51330 1.3822993824e+01 7.3400525619e-01
107.18680 -26.40760 1.2606717684e+01 1.1174601550e+00
107.28630 -39.67010 1.4344545522e+01 4.2512913587e-01
107.51940 -25.24570 1.4954842848e+01 7.2612777423e-01
107.66560 -4.25180 1.5585868843e+01 -3.4473634676e-01
107.66840 -27.50630 1.5122714617e+01 5.6263941710e-01
107.75670 -48.94690 1.5202858001e+01 3.6013657089e-01
107.96020 -0.31690 1.6249842894e+01 4.8293484964e-03
108.13840 -40.51390 1.4172316934e+01 9.7062190135e-01
108.14040 -25.95770 1.6622770206e+01 -2.2213764956e-01
108.18540 -36.55960 1.3781283050e+01 2.0946133994e+00
108.20300 -46.77450 1.4780257766e+01 3.9240922858e-01
108.37120 -45.19810 1.4385113356e+01 4.8231052770e-01
108.44290 -22.68960 1.5558932041e+01 6.3589858730e-01
108.45110 -44.65510 1.4120732234e+01 3.9482424827e-01
108.65260 -26.36800 1.5787436775e+01 -2.2626869827e-01
108.66860 -9.96310 1.6882322713e+01 -6.6926016599e-01
108.71930 -48.28750 1.4347277823e+01 4.6402856697e-01
108.75460 -46.86530 1.6323738959e+01 1.8322687670e-01
108.79150 -26.78830 1.5409339212e+01 -1.8226573981e-01
108.79150 -26.78830 1.5540102665e+01 -2.9348485049e-01
108.79150 -26.78830 1.5393523659e+01 7.6579495959e-01
108.80170 -27.05370 1.6876049353e+01 -1.0371519780e-01
108.80170 -27.05370 1.5391144549e+01 6.3268386775e-01
108.92250 -30.70220 1.5693480536e+01 1.5334147612e-01
108.92250 -30.70220 1.6224053748e+01 -2.2023940760e-01
109.03360 -10.59940 1.4746702551e+01 1.4852964332e+00
109.12760 -46.79050 1.6214815550e+01 2.5695017129e-01
109.12760 -46.79050 1.8451424559e+01 -2.7423184284e+00
109.23350 -27.89720 1.4608561501e+01 5.4041784809e-01
109.24570 -23.33160 1.5288128631e+01 9.7615351199e-01
109.28380 -36.60870 1.6721070547e+01 2.4200414094e-01
109.28380 -36.60870 1.4161930063e+01 6.0450847626e-01
109.36300 -37.11360 1.4618966566e+01 1.9393064501e-01
109.36300 -37.11360 1.8599365212e+01 -1.9401339517e+00
109.75940 -24.57510 1.5775990519e+01 -9.6109978757e-02
109.76780 -24.97080 1.5732857864e+01 -2.1759004779e-01
109.80280 -26.60230 1.5474531648e+01 1.4318449871e-01
110.14210 -52.32830 1.5570023273e+01 1.6381416045e-01
110.14210 -52.32830 1.6208368142e+01 -4.2108368686e-01
110.21510 -52.10270 1.6097237649e+01 -5.2244412592e-01
110.65270 -19.03370 1.5456684883e+01 -1.5341500368e-01
110.65270 -19.03370 1.5942684791e+01 1.8039373671e-01
110.83660 -31.94110 1.6228207292e+01 3.0916046208e-02
110.96630 -32.21950 1.6393842194e+01 -1.1973442364e-01
110.96630 -32.21950 1.3937635133e+01 4.8488390187e-01
111.11030 -29.32060 1.3237150065e+01 7.7748809950e-01
111.11030 -29.32060 1.6515764689e+01 -1.4920410250e+00
111.26660 -31.82650 1.6407039467e+01 -6.5219923450e-02
111.26660 -31.82650 1.6432150932e+01 -8.4136174463e-02
111.26660 -31.82650 1.6379622709e+01 -1.0022432148e-01
111.53150 9.25830 1.9426189378e+01 -2.4087440799e+00
111.53150 9.25830 1.5122940168e+01 6.2753132892e-01
111.84060 -23.10410 1.6142853620e+01 5.3534688878e-02
111.84060 -23.10410 1.6018033414e+01 1.5563537803e-01
111.88080 -17.88300 1.5670799200e+01 -5.9898535643e-01
111.90630 8.27120 1.7877435955e+01 -1.3556286647e+00
112.02190 -22.87740 1.6581066307e+01 -1.7111516982e-01
112.02190 -22.87740 1.4553566470e+01 1.1170660824e+00
112.16000 8.90720 1.5974792394e+01 1.5021494332e-01
112.35500 -31.47470 1.6928290690e+01 -5.9837077206e-01
112.35500 -31.47470 1.6575684555e+01 -3.0689462682e-01
112.35500 -31.47470 1.7322017658e+01 -1.6413973927e+00
112.37720 -43.31990 1.4244470091e+01 4.3920228947e-01
112.55720 -23.04290 1.5206355534e+01 2.8089041246e-03
112.55720 -23.04290 1.5275241235e+01 -1.3337451699e-01
112.76260 -30.98110 1.3628168255e+01 1.5708941185e+00
113.54190 -36.35780 1.5241657381e+01 3.8684216059e-01
113.55030 -14.54330 1.5766929175e+01 2.4152834002e-02
113.55030 -14.54330 1.5934879737e+01 -9.6234380221e-02
113.55030 -14.54330 1.6009575443e+01 -1.6980716095e-01
113.60700 -22.31550 1.5177575946e+01 -2.0647052953e-01
113.60700 -22.31550 1.5260723006e+01 -3.1003916305e-01
113.60700 -22.31550 1.2520243163e+01 2.5266484834e+00
113.93340 -28.38900 1.5089127544e+01 -1.2473320275e-01
113.93340 -28.38900 1.4617153506e+01 3.2007506357e-01
113.93340 -28.38900 1.5431600396e+01 7.7328325001e-01
114.24430 -48.85010 1.5899023554e+01 -1.9147719975e-01
114.24430 -48.85010 -6.0736697831e-02 1.4793142141e+01
114.26120 5.84220 1.4976286644e+01 -9.8553860827e-02
114.42320 -34.98860 1.5032725504e+01 -1.2458211070e-01
114.42320 -34.98860 1.3417430252e+01 1.6075068263e+00
114.66630 -25.38510 1.4866161675e+01 8.1746995708e-03
114.79750 -26.82420 1.4836214234e+01 -4.1946183876e-02
114.79750 -26.82420 1.4606053119e+01 7.3737654506e-01
114.94110 -38.32850 1.7458900241e+01 -1.1677886102e+00
115.00990 -38.15980 1.6239305154e+01 5.4452591972e-01
115.02670 -38.28120 1.6704762909e+01 1.3243042388e-01
115.02670 -38.28120 1.4717585230e+01 1.5559944868e+00
115.06970 -37.60000 1.4287972969e+01 1.6492999322e+00
115.39290 -38.55440 1.6604732678e+01 -4.0600859131e-02
115.39290 -38.55440 1.5981449522e+01 5.3070748381e-01
115.39290 -38.55440 1.6636947120e+01 -5.4657379430e-01
115.41650 -9.57200 1.4773176549e+01 -1.8029813201e-01
115.41650 -9.57200 1.6109822938e+01 -1.1557266662e+00
115.80580 -45.19430 1.5632019344e+01 -9.9730541065e-02
115.97330 -28.43220 1.5712697139e+01 9.5662923366e-03
115.99880 -40.95510 1.4730825175e+01 6.6502537918e-01
115.99880 -40.95510 1.5573339724e+01 -4.4895143873e-01
116.12060 -36.08390 1.7009624076e+01 2.2735263492e-01
116.22040 -37.96440 1.6569124788e+01 3.5153537783e-01
116.23440 -24.69560 1.5611955605e+01 -6.4128639543e-02
116.39170 -37.99020 1.5553794093e+01 -2.2992606306e-01
116.39170 -37.99020 1.5447163137e+01 -7.7575543489e-02
116.62200 -37.95550 1.7300168688e+01 -7.0462067897e-01
116.93160 -38.53320 1.6579500295e+01 -1.6945099200e-02
116.94740 -46.63050 1.4192193092e+01 1.3493713065e+00
117.14940 -47.09990 1.6382867642e+01 1.9770482978e-01
117.34890 -24.93450 1.6918814677e+01 1.1900952791e-01
117.36950 -46.88010 1.7095451628e+01 -1.3501986881e+00
117.37620 -46.39560 1.5000811026e+01 2.2140543248e-02
117.41560 -24.88220 1.4839617153e+01 -2.6466199645e-02
117.41560 -24.88220 1.5599766428e+01 -5.7117967486e-01
118.12960 -40.59870 1.4714122254e+01 4.6059097335e-02
118.12960 -40.59870 1.6149179539e+01 -1.0131396470e+00
118.14760 -34.72840 1.5489176356e+01 -3.6292562822e-01
118.23850 -38.88580 1.4870543240e+01 7.3762429820e-02
118.32680 -49.63610 1.4769331856e+01 2.3549236308e-01
118.34510 -36.38690 1.5753339846e+01 -6.0946336320e-02
118.34510 -36.38690 1.4721054992e+01 6.3333752808e-02
118.62700 -35.90060 1.3237162230e+01 3.1405708213e+00
119.11440 -60.55010 9.2182245351e+00 5.5820390958e+00
119.25030 -53.00610 1.5355577778e+01 -3.8291491038e-01
119.30890 -22.90390 1.5008341816e+01 6.9465511719e-01
119.31260 -43.52420 1.6009915313e+01 -6.1674092440e-02
119.48320 -60.32700 1.5738939468e+01 9.4885241137e-01
119.53430 -45.60170 1.5741399593e+01 -3.5879217805e-02
119.53430 -45.60170 1.5978022007e+01 -4.6798533457e-01
119.62310 -49.26900 1.3403344686e+01 2.8302214486e+00
119.74690 -60.84860 1.4437163932e+01 1.7883557231e+00
119.82700 -45.24000 1.5849763589e+01 2.3884697505e-01
119.86770 -23.33460 1.6312088409e+01 -3.7870334049e-01
119.86770 -23.33460 1.2880666648e+01 3.0700979736e+00
119.94360 -60.61140 1.5643025644e+01 8.5111732497e-01
119.94360 -60.61140 1.0234406978e+01 4.9999790671e+00
119.94570 -39.32120 1.5322318626e+01 2.7259742411e-02
119.94570 -39.32120 1.8452652651e+01 -2.9373364013e+00
120.04330 -3.70390 1.5071609154e+01 -1.6869916575e-01
120.06490 -18.42360 1.5957315282e+01 -1.0089829373e+00
120.06490 -18.42360 1.4595731612e+01 2.5013846408e-01
120.11050 -63.59190 1.9048796407e+01 -3.0522967417e+00
120.85280 -32.48850 1.8386908176e+01 -2.8169203009e+00
121.92170 -20.58010 1.5287698907e+01 -5.4065590348e-02
121.97940 -24.33010 1.3696101972e+01 5.8104297707e-01
121.97940 -24.33010 1.3825158836e+01 5.0569644559e-01
121.97940 -24.33010 1.4051116347e+01 5.7204765571e-01
122.25850 -3.00970 1.4034885399e+01 6.8909440579e-01
122.35450 -19.27100 1.3153884288e+01 2.4137327892e+00
122.35480 -48.71050 1.6680381969e+01 -1.0015680678e-01
122.35480 -48.71050 1.3148670382e+01 7.4554646562e-01
122.45060 -47.36270 1.2846705041e+01 9.7224170151e-01
122.45060 -47.36270 1.4214000702e+01 2.2765735115e+00
122.49630 -47.96330 1.6363551002e+01 4.7447868383e-01
122.86080 -48.48840 1.6343986265e+01 1.9009265616e-01
122.86080 -48.48840 1.4748938012e+01 1.6327734171e-01
122.92060 -12.95340 1.4919830870e+01 2.3058149613e-01
122.93180 -43.01370 1.5314519253e+01 -2.5772186230e-02
122.93180 -43.01370 1.6687145020e+01 -4.9008672545e-02
123.06870 -46.67090 1.4948890191e+01 1.8319852968e-01
123.46910 -47.01850 1.6086647294e+01 7.6817681169e-02
123.57520 -36.34920 1.4156452210e+01 1.0832588918e+00
123.63840 -35.51700 1.6378954265e+01 3.7637130929e-02
123.66980 -45.86150 1.6302168089e+01 8.9577409887e-03
123.66980 -45.86150 1.5875567511e+01 4.0725230055e-01
123.66980 -45.86150 1.8938841111e+01 -2.5483609819e+00
124.24740 9.15820 1.8773289311e+01 -2.6062560808e+00
124.60190 -65.64080 1.4732580273e+01 6.1104643300e-01
124.60190 -65.64080 1.5493610116e+01 -1.1527894039e-01
125.42040 -36.51240 1.4996375623e+01 5.0531043824e-01
125.67330 -59.53790 1.6596069214e+01 -1.7458492641e+00
125.69940 -48.51880 1.2890848146e+01 2.3040292416e+00
125.79110 -52.15220 1.5423672669e+01 6.8675557571e-01
126.25540 -3.78000 1.6805697764e+01 -8.4823098891e-02
126.25540 -3.78000 1.6638605171e+01 3.2754083585e-02
126.25540 -3.78000 1.6106667752e+01 -1.4320970480e-02
126.31410 -42.79870 1.5148955346e+01 2.5493439968e-01
126.44290 -51.75630 1.7331909528e+01 -1.9015588952e+00
126.52450 -3.93540 1.5139599732e+01 -1.9575621699e-01
126.52450 -3.93540 1.4846019679e+01 6.2213133763e-02
126.52450 -3.93540 1.7143939221e+01 -1.4454220532e+00
126.54290 -42.18200 1.3989963249e+01 1.3200374978e+00
126.96270 -53.11770 1.5485735283e+01 1.9151751401e-01
127.33890 -47.95840 1.5866087962e+01 2.8270525002e-02
127.35600 -44.18990 1.6438310431e+01 -1.1976260556e-01
127.35600 -44.18990 1.6387153788e+01 -8.6458616505e-02
127.35600 -44.18990 1.4374808269e+01 9.8551323684e-01
127.43820 -44.75440 1.4064066216e+01 1.1527061740e+00
128.08140 -53.24190 1.2746980638e+01 2.5146941231e+00
128.74850 -49.97470 1.5131900000e+01 3.7211349939e-01
128.86560 -58.25530 1.5543101505e+01 -3.0163863565e-02
128.88340 -58.03980 1.1158843239e+01 3.6337410840e+00
129.48800 -43.02000 1.4421488418e+01 1.7790794698e-01
129.48800 -43.02000 1.4812686555e+01 -1.7205349770e-01
129.48800 -43.02000 1.4240552612e+01 3.0927639291e-01
129.48800 -43.02000 1.4386643939e+01 1.7147852830e-01
129.52980 5.67280 1.6132611943e+01 -9.5088821299e-01
129.91100 -53.47100 1.6976924004e+01 2.5991416592e-01
130.01790 -29.59240 1.0248790243e+01 4.8754685962e+00
130.05240 -53.08610 1.3334607438e+01 2.6550812450e+00
130.11000 -12.50670 1.4797148603e+01 4.8597618009e-02
130.11130 -35.33970 1.2491705082e+01 3.5282954299e+00
130.13540 -53.04680 1.5083698683e+01 9.0950202367e-01
130.13600 -52.95330 1.5344956152e+01 1.2794044487e-01
130.16040 -40.29530 1.7178872885e+01 -1.7424758490e+00
130.20250 -59.79240 1.7588739313e+01 -1.1956439887e+00
130.22150 -45.22250 1.5730981299e+01 -3.3228816362e-01
130.22920 -46.68020 1.5236623034e+01 -2.0015722341e-01
130.22920 -46.68020 1.6773754827e+01 -8.2717701994e-01
130.37650 -47.34870 1.5446323087e+01 3.2538572401e-01
130.56160 -45.44240 1.5802635651e+01 1.9060505447e-01
130.63830 -48.13080 1.7067033619e+01 2.6866500496e-01
130.64190 -53.13180 1.6513332805e+01 2.3922929832e-01
130.66860 -53.14570 1.7632349284e+01 -8.0788599098e-01
130.92040 3.36680 1.4340324971e+01 1.5536865025e-01
130.98610 -33.21830 1.4345791312e+01 1.7722990020e-01
131.02560 -7.26570 1.4618980697e+01 2.8196285768e-01
131.17800 -42.68130 1.4397783002e+01 4.9489344251e-01
131.17800 -42.68130 1.4989270461e+01 7.0340802585e-03
131.17800 -42.68130 1.2661614117e+01 1.1725616440e+00
131.23620 -54.74090 1.2872384794e+01 8.8410139651e-01
131.23620 -54.74090 1.6308479332e+01 -9.1897436299e-01
131.58110 -46.07380 1.4614029894e+01 4.7368181806e-01
131.69720 -13.58010 1.4506670599e+01 1.9232740750e-01
131.69720 -13.58010 1.6438661847e+01 2.5425018760e-01
131.70180 -45.94490 1.6467291764e+01 -1.1261233150e+00
131.73380 -56.80220 1.4097638008e+01 5.6228802618e-01
131.80990 6.38640 1.4428311996e+01 1.3267087470e-01
131.80990 6.38640 1.4065305502e+01 3.7158216570e-01
131.80990 6.38640 1.7027230522e+01 1.6943840107e-01
131.90280 -46.18790 1.6665430123e+01 5.0281762924e-01
131.90280 -46.18790 1.8090494128e+01 -1.7066729859e+00
132.52420 -45.34080 1.4502194056e+01 8.5481970292e-01
132.71370 -46.56220 1.5123888423e+01 5.7540666173e-01
132.71370 -46.56220 1.5435923917e+01 2.2158389313e-01
132.71370 -46.56220 1.4445070992e+01 2.0204065141e-01
132.72630 -27.74290 1.6312287892e+01 -8.6621021458e-01
133.50270 -60.38740 1.4558859607e+01 1.6259795485e+00
133.53430 -47.55430 1.5213547179e+01 3.6112106967e-01
133.53430 -47.55430 1.8169664230e+01 -2.4887975846e+00
133.81130 -60.67830 1.4456296110e+01 2.5591644844e-01
133.81130 -60.67830 1.4080952415e+01 4.8892587315e-01
133.81130 -60.67830 1.5165313198e+01 -2.8619236001e-01
133.96420 5.91180 1.4780383900e+01 -8.3522668818e-02
134.14640 -52.75740 1.4466395271e+01 3.1395825795e-01
134.14640 -52.75740 1.2986986729e+01 1.6964872972e+00
134.29690 -59.26330 1.5082261424e+01 3.3468758237e-01
134.29690 -59.26330 1.5260537680e+01 1.6721230279e-01
134.51840 15.54720 1.7383245313e+01 -1.4738668357e+00
134.90520 -59.11810 1.5784328414e+01 -3.6443594023e-02
134.90520 -59.11810 1.5656805627e+01 6.0286245432e-02
134.90520 -59.11810 1.3083487414e+01 1.6015786384e+00
135.10440 -41.28810 1.8640108359e+01 -2.7007289201e+00
135.64570 -66.43090 1.3733632629e+01 7.0147360815e-01
135.64570 -66.43090 1.4478428994e+01 2.0501571438e-01
136.11440 -47.13280 1.2929248967e+01 1.2038683108e+00
137.07960 -43.46820 1.3400119454e+01 7.3771136308e-01
137.07960 -43.46820 1.3602869519e+01 5.8066124922e-01
137.07960 -43.46820 1.4366670646e+01 5.4906335110e-01
137.28280 -8.62530 1.6972484105e+01 -1.4112237105e+00
137.79970 -59.00300 1.5269783502e+01 -2.8761558245e-01
137.84780 -44.90400 1.6302979218e+01 -1.0278946011e+00
137.86940 -62.35310 1.8577506364e+01 -2.6505130121e+00
138.20830 -43.64960 1.5160993768e+01 1.1697712017e+00
138.28900 -59.45030 1.8344978880e+01 -5.1178425231e-01
138.61500 -44.18230 1.6282325270e+01 6.6107773454e-02
138.64000 -55.60620 1.5368528787e+01 1.4168041765e-01
138.68380 -43.26410 1.5923463995e+01 -3.8097819293e-01
138.70440 2.27770 1.7146878751e+01 -1.2307337808e+00
138.98950 -38.60670 1.4982364806e+01 9.6328205920e-02
139.02540 -37.44990 1.5344969163e+01 -2.5906603692e-01
139.11220 -57.57830 1.4107535915e+01 6.5067521943e-01
139.11220 -57.57830 1.4801930639e+01 1.0651882041e-01
139.11220 -57.57830 1.7393461291e+01 -1.7301975466e+00
139.17700 -44.30260 1.7112137859e+01 -1.9392127252e+00
139.33110 -59.31220 1.3228649661e+01 7.4507427664e-01
139.33110 -59.31220 1.2933519844e+01 9.8425907006e-01
139.33110 -59.31220 1.2945247734e+01 1.0017656624e+00
139.59740 -51.08790 1.5180176982e+01 2.6653569798e-01
139.99120 -15.87190 1.4373418462e+01 5.0266276539e-01
140.04870 -12.01220 1.3232168754e+01 1.5617407854e+00
140.28920 -62.44210 1.4347156900e+01 7.1635262525e-01
140.28920 -62.44210 1.3663426265e+01 2.7896075700e+00
140.52540 -55.55230 1.3582553331e+01 1.0086506639e+00
140.59630 -55.04830 1.3572576995e+01 6.9621121298e-01
140.59630 -55.04830 1.5385509298e+01 -6.2681494813e-01
140.89620 -28.87160 1.2974746264e+01 1.9484574501e+00
141.41850 -61.98850 1.5342363786e+01 6.8334599935e-01
141.41850 -61.98850 1.5150671926e+01 3.8727312066e-01
141.64620 -53.41710 1.6045275172e+01 -4.1680995950e-01
141.64620 -53.41710 1.4767036145e+01 2.4123098996e-01
142.00430 -8.69700 1.3473841118e+01 5.9856341667e-01
142.39770 -2.80750 1.4573025907e+01 3.3237121183e-01
142.39770 -2.80750 1.4988663571e+01 -1.7632508531e-02
142.39770 -2.80750 1.4554421132e+01 3.1715915926e-01
142.39770 -2.80750 1.4706931592e+01 2.6362503950e-01
142.39770 -2.80750 1.4792922270e+01 2.1395238232e-01
142.57430 -26.62830 1.4600899927e+01 8.5487967988e-01
142.66160 -58.40050 1.4558143429e+01 1.9500264539e-01
142.76190 -40.50550 1.6710460736e+01 -1.1538731546e+00
142.78580 -31.92800 1.4114343018e+01 3.8487796101e-01
142.87220 -57.07320 1.4229539139e+01 2.7919035871e-01
142.97780 -31.91070 1.5812993274e+01 4.6745806365e-01
142.97860 -35.75360 1.5510365281e+01 2.5813570139e-01
143.16730 -40.68830 1.6372487434e+01 1.7569234691e-01
143.16730 -40.68830 1.1888922588e+01 3.0101477741e+00
143.40280 -21.15480 1.3967664916e+01 1.2193271628e+00
143.51430 -49.04420 1.6654494691e+01 -9.8324817361e-01
143.67460 -59.26900 1.4142000825e+01 4.5185104489e-01
144.28530 -49.39460 1.5258569606e+01 2.3253387736e-03
144.28530 -49.39460 1.5118748848e+01 8.5722258782e-02
144.28530 -49.39460 1.5255479442e+01 -1.1801532324e-03
144.37620 -53.70810 1.5164342782e+01 4.3424711695e-01
144.37620 -53.70810 1.5217283375e+01 4.2067722505e-01
144.59160 -43.23060 1.4523320644e+01 1.2888058364e-01
145.07550 -1.18270 1.4283193818e+01 2.1294357895e-01
145.07550 -1.18270 1.5498962592e+01 3.4537074708e-01
145.32800 -57.29960 2.4629611390e+01 -7.6117989297e+00
145.40450 9.85220 1.5904257684e+01 -6.7295063326e-01
145.42080 -23.63160 1.5060591107e+01 2.6665181943e-01
145.65990 -23.95580 1.5188891474e+01 2.7413025047e-01
145.65990 -23.95580 1.5665490302e+01 1.5959925532e-01
146.00070 -53.93160 1.6136778601e+01 -1.7965560191e-01
146.00070 -53.93160 1.5620631721e+01 -7.9874675886e-01
146.83020 -65.11280 1.7789503382e+01 -2.4486689762e+00
147.57330 -45.77380 1.4993765810e+01 3.8637999360e-01
147.57330 -45.77380 1.5171870365e+01 3.8879388910e-01
147.75900 -46.97510 1.5712348332e+01 4.5644135685e-01
147.79320 -62.78630 1.6047499764e+01 2.8820252654e-01
147.91720 -46.23510 1.4514751120e+01 1.2232352946e+00
147.97480 -14.88790 1.4361655312e+01 1.5824958525e-01
147.97480 -14.88790 1.5125494739e+01 2.0262623884e-01
148.00420 -46.58890 1.5113043091e+01 1.8960094344e-01
148.00420 -46.58890 1.5366505164e+01 1.2536481185e-02
148.00420 -46.58890 1.5183724111e+01 1.5939722175e-01
148.65110 -25.97390 1.5119435595e+01 -1.9734314754e-01
148.65110 -25.97390 1.5055409101e+01 -1.1296255772e-01
149.29260 -54.60960 1.6680324886e+01 -2.6962770753e-01
150.57020 -60.46330 1.6956805259e+01 5.5958687991e-03
150.57020 -60.46330 1.7122174303e+01 -1.3994432883e-01
150.57020 -60.46330 1.6980791609e+01 -2.8454011931e-03
150.57020 -60.46330 1.0227048122e+01 4.5173201780e+00
151.38780 -13.10740 1.4242637187e+01 4.7803123477e-01
151.38780 -13.10740 1.4559013007e+01 2.0357545103e-01
151.63360 -47.41280 1.4814048761e+01 4.2926771919e-01
151.63360 -47.41280 1.5147523895e+01 -4.2472768940e-01
152.20990 11.92410 1.5850167947e+01 -4.8831401156e-01
152.63150 -12.85920 1.6129040661e+01 2.3384526364e-01
152.63150 -12.85920 1.6173727787e+01 1.7289206325e-01
152.63150 -12.85920 1.5805107830e+01 -1.8063168806e-01
152.75420 -12.39740 1.4631890463e+01 1.2689203639e-01
152.75420 -12.39740 1.5685663300e+01 9.7073240057e-02
153.43010 -51.27650 1.6187324968e+01 -4.9439507427e-01
153.45100 -51.79930 1.6459459936e+01 -4.1522626035e-01
153.48630 -70.08150 1.5778567229e+01 -9.4736197709e-01
153.48630 -70.08150 1.4651048139e+01 4.0383436180e-02
153.77650 -42.16560 1.4675251044e+01 8.6721632026e-02
153.77650 -42.16560 1.4487507097e+01 2.2392703025e-01
153.77650 -42.16560 1.4629679941e+01 1.3805870550e-01
154.34420 -61.37620 1.6461575594e+01 -5.0967441651e-01
154.73900 -56.15440 1.7270361008e+01 -5.9033296115e-01
154.73900 -56.15440 1.6416077151e+01 7.7292165785e-02
154.73900 -56.15440 1.6249194795e+01 2.6826141797e-01
154.73900 -56.15440 1.5003369959e+01 5.3105900675e-01
154.98570 -55.07340 1.5181954638e+01 4.3001362632e-02
155.31010 -56.08750 1.4707449354e+01 2.6305908483e-01
155.31010 -56.08750 1.6038577705e+01 -9.2136558698e-01
155.31010 -56.08750 1.4716036326e+01 3.5859851902e-01
155.80740 -66.94590 1.4834762657e+01 1.3334424163e+00
156.32760 -58.62090 1.7334398289e+01 -6.3865978403e-02
156.32760 -58.62090 1.4155068638e+01 6.9461448126e-01
156.62880 -16.88100 1.4706886513e+01 7.5698545987e-01
156.88840 -31.11260 1.4668545070e+01 7.4186546348e-01
157.05040 -58.78420 1.5058408470e+01 -2.2133259762e-02
157.05040 -58.78420 1.4977364892e+01 6.2297921947e-02
157.05040 -58.78420 1.6629806959e+01 -8.6512754334e-01
157.63880 -72.03780 1.5673564918e+01 -3.2235625534e-01
158.08310 -45.11190 1.9564094917e+01 -3.4435594951e+00
158.08430 -61.73050 1.5130772362e+01 -3.8152870345e-01
158.23420 -44.66370 1.5834922222e+01 3.4754718483e-01
158.23420 -44.66370 1.4577726322e+01 1.5268866553e+00
158.28160 -58.71200 1.7344614342e+01 1.7145698607e-01
158.28160 -58.71200 1.8358642958e+01 -9.8202405768e-01
158.31780 9.26130 1.4497023039e+01 7.3055741209e-01
158.98160 -57.60310 1.6395801919e+01 -5.8447657261e-01
158.98160 -57.60310 1.6306297682e+01 -5.0117317005e-01
158.98160 -57.60310 1.6547915866e+01 -2.9477017981e-02
159.24320 -12.27560 1.5045439544e+01 -1.5502424710e-01
159.41840 -48.27120 1.4675795722e+01 5.6326322249e-02
159.41840 -48.27120 1.7743641512e+01 -7.0564578505e-01
159.44660 -58.77890 1.6851231161e+01 7.1415214068e-02
159.44660 -58.77890 1.6526988513e+01 1.5158327968e-01
159.59660 -57.30190 1.6367674046e+01 4.1999434398e-02
159.83270 -58.86260 1.5408519356e+01 1.5632162607e+00
159.91420 -55.64900 1.5108806001e+01 7.0113656599e-02
160.12400 -65.14600 1.4295629408e+01 1.8842051275e+00
160.63700 -64.51240 1.7135524361e+01 4.4443892223e-02
160.75410 -59.26170 1.7129906419e+01 -8.2646559471e-01
160.81780 -64.44040 1.7981762894e+01 -1.8823270468e+00
160.96840 -60.61270 1.6894725410e+01 -3.6068112297e-01
160.96840 -60.61270 1.7698686984e+01 3.2140423243e-01
161.10850 -64.00710 1.7528109790e+01 -4.0018250681e-01
161.10850 -64.00710 1.6286302225e+01 9.5953042203e-01
161.70350 -64.30950 7.7477436677e+00 6.8699216064e+00
161.78670 -49.46650 1.3789429090e+01 4.9626032854e-01
161.79370 -64.42970 1.3402026602e+01 2.6030526716e+00
161.82830 -56.80350 1.4115677476e+01 1.8421575195e+00
162.10870 -59.96550 1.7666119436e+01 2.3805289921e-01
162.10870 -59.96550 1.8151798162e+01 -2.8341030090e-01
162.10870 -59.96550 1.6858036211e+01 2.4089179287e-01
162.43900 -59.37020 1.4130339164e+01 6.1064677351e-01
163.21870 -57.28700 1.5600257855e+01 2.4679044039e-01
163.21870 -57.28700 1.4290514467e+01 7.4540322683e-01
163.70980 -61.87340 1.7227723372e+01 -1.2939271729e-01
163.70980 -61.87340 6.7190218585e+00 8.0170672199e+00
164.28140 -37.18460 1.4571224184e+01 1.5088750269e-01
164.28140 -37.18460 1.5042207351e+01 -4.4236353659e-01
165.05150 -18.34580 1.4268790788e+01 3.1679544176e-01
165.13930 -42.27290 1.4479713875e+01 2.4633346605e-01
165.13930 -42.27290 1.4323204724e+01 3.9267614159e-01
165.56850 -2.53170 1.3890983811e+01 8.0293397726e-01
165.56850 -2.53170 1.4301836104e+01 6.6990658648e-01
166.22930 -47.72640 1.7114591681e+01 -1.8388251443e+00
166.43910 -27.34090 1.5102463952e+01 4.6229427347e-01
167.23340 -61.99470 1.3451614415e+01 1.9494646923e+00
167.23340 -61.99470 1.6534433465e+01 -6.2139416082e-01
167.23340 -61.99470 1.5853421629e+01 1.6494017825e-02
167.57790 -32.41510 1.4362215857e+01 2.3750752799e-01
168.02230 -22.87350 1.4772371927e+01 2.2884130865e-01
168.23830 -49.14870 1.6178913220e+01 -5.6402795513e-01
168.24460 -60.36530 1.6659525950e+01 -9.6382375370e-01
168.24460 -60.36530 1.5623437846e+01 -1.3727567838e-01
168.24460 -60.36530 1.3751558486e+01 1.7873439371e+00
169.27690 -3.69940 1.4040165820e+01 5.7209681534e-01
169.94500 -14.82650 1.4277521425e+01 1.9332978207e-01
169.94500 -14.82650 1.4417292168e+01 1.9094475138e-01
170.35230 -54.53900 1.5003514715e+01 -1.8285117926e-01
170.35230 -54.53900 1.4592153405e+01 1.4806925654e-01
170.35230 -54.53900 1.4843818083e+01 -3.7495489559e-02
170.35230 -54.53900 1.7723633665e+01 -2.3412838508e+00
170.90930 -36.21290 1.6751411142e+01 -1.3171442901e+00
171.09450 10.48140 1.4876903911e+01 -2.3644597976e-01
171.33020 -17.73220 1.4224360111e+01 1.0339526157e+00
171.47950 -36.11120 1.5386476846e+01 2.2965503891e-01
171.47950 -36.11120 1.5781943694e+01 -8.0038010046e-02
171.47950 -36.11120 1.5492964126e+01 4.0496145300e-01
171.74690 -61.16340 1.6325402114e+01 -2.9434928731e-01
172.09670 2.80800 1.5944013113e+01 -6.1654397576e-01
172.09670 2.80800 1.6371012190e+01 -9.8021141191e-01
172.09670 2.80800 1.5813072337e+01 -5.2685216819e-01
172.25210 -42.72250 1.4677328220e+01 8.0469603183e-01
173.04400 -59.49040 1.6153438505e+01 -3.7914199873e-01
173.05530 -59.56400 1.5947592224e+01 -1.9779621300e-01
173.05530 -59.56400 1.5615638145e+01 9.4293077007e-02
173.30750 -40.48460 1.5322771211e+01 -1.2349918984e-01
173.79490 -54.31250 1.3893335921e+01 1.1719885371e+00
173.91180 -47.42100 1.7509442119e+01 -1.3204065711e+00
174.04740 -63.06830 1.4967666148e+01 -1.0128397663e-01
174.04740 -63.06830 1.6143956876e+01 -4.4391656086e-01
174.08810 -47.69010 1.6170836088e+01 -4.5191612727e-01
174.19630 -61.10090 1.2178919724e+01 3.4441897329e+00
174.28170 -9.85070 9.8156508504e+00 4.3578889022e+00
174.35540 -61.33190 1.4687360600e+01 1.5188734344e+00
174.49850 -47.79580 1.6253783624e+01 -2.4924091606e-01
174.49850 -47.79580 1.6409681827e+01 6.6214190284e-03
174.63390 -61.87510 1.1590307897e+01 3.4007419669e+00
175.32800 -62.13860 1.6407585546e+01 -1.3014458210e-01
175.32800 -62.13860 1.6372111001e+01 -1.1146024869e-01
175.98540 -62.53800 1.6505679241e+01 -2.8555617616e-01
175.98540 -62.53800 1.6668580036e+01 -4.1552990547e-01
175.98540 -62.53800 1.1825013639e+01 2.8710711561e+00
176.30170 -18.39930 1.5045531518e+01 -1.8523876327e-01
176.50680 -66.77740 1.4810928753e+01 3.0021414231e-03
176.50680 -66.77740 1.5718832275e+01 -8.0746805256e-01
176.57720 6.48080 1.4292583309e+01 2.5158347430e-01
176.73540 -61.22700 1.5482951323e+01 -2.3878346287e-01
176.73540 -61.22700 1.3577615363e+01 1.3602852687e+00
176.73540 -61.22700 1.5727092085e+01 -4.2719696773e-01
176.73540 -61.22700 1.3317230526e+01 1.7663122148e+00
176.93760 -57.74510 1.8110096304e+01 -1.9322801708e+00
177.16690 -66.86360 1.3059933629e+01 2.2522748997e+00
177.29870 -26.79840 1.6463331269e+01 -1.3016670424e+00
177.52880 -63.83710 1.4514844998e+01 3.2516460131e-01
177.52880 -63.83710 1.4261447730e+01 4.9245285047e-01
177.52880 -63.83710 1.7133556640e+01 -6.2187320756e-01
177.72190 -62.69800 1.6360148436e+01 5.8749508504e-02
177.72190 -62.69800 1.4693780738e+01 1.0024060575e-01
177.89640 -45.22210 1.2832696144e+01 1.8981197218e+00
178.86010 -63.32790 1.6973159295e+01 -2.6106826616e-01
178.86010 -63.32790 1.6123068104e+01 3.8097348249e-01
178.86010 -63.32790 1.6520995709e+01 1.8497803488e-01
178.86010 -63.32790 1.6798513552e+01 -2.0307554468e-01
179.52790 -62.49750 1.6650495179e+01 -9.5063830387e-02
179.52790 -62.49750 1.6365144478e+01 9.6980600777e-02
179.67500 -56.36600 1.4491059449e+01 1.0271960644e+00
180.33040 6.56560 1.0236608577e+01 4.4124953556e+00
180.77070 -69.24100 1.5763558322e+01 -9.5265783391e-02
180.86970 -63.36160 1.5280789887e+01 2.3323788922e-01
180.86970 -63.36160 1.5200300689e+01 5.1953271352e-01
181.27670 -68.37760 2.3477924629e+01 -6.1600421042e+00
181.83570 -64.66240 1.9256801567e+01 -3.0371623938e+00
182.13600 -50.71000 1.6157236834e+01 1.5575948212e-01
182.13600 -50.71000 1.4168541134e+01 2.6134228932e-01
182.20390 -50.77110 1.4397703745e+01 9.3133542205e-02
182.21630 -24.77750 1.3029504444e+01 1.2770490604e+00
182.87910 -23.65110 1.4685182191e+01 2.2689434419e-02
183.02830 -52.41710 1.4185404267e+01 1.6497609460e-01
183.90380 -58.79750 1.3937582980e+01 3.0003770285e-01
184.06470 -17.59050 1.2807152823e+01 1.1725136011e+00
184.51430 -68.00930 1.6854210238e+01 -1.3495432594e+00
184.51430 -68.00930 1.6003946327e+01 -6.8465167844e-01
184.72960 -64.05160 1.5941507691e+01 -6.5893865746e-01
184.72960 -64.05160 1.6639371591e+01 -1.1577150756e+00
184.78010 -0.83570 1.2699224093e+01 2.8487285702e+00
185.08860 -0.71530 1.4306500182e+01 2.4664680403e-01
185.08860 -0.71530 1.6088742102e+01 -6.0618920557e-01
185.25410 -22.26440 1.5239362085e+01 -5.4292629018e-01
185.46020 -60.44960 1.5183777026e+01 -4.7055997525e-01
185.46020 -60.44960 1.4107747332e+01 6.5469596446e-01
185.65420 -67.57060 1.6550807390e+01 -4.1357524806e-01
185.65420 -67.57060 1.5939663335e+01 3.8524967017e-01
185.67420 -68.35580 1.1863801941e+01 3.4084485056e+00
186.01330 -35.46110 1.5903019845e+01 -1.8714743457e-01
186.45650 -35.23480 1.5045979784e+01 5.9060058543e-01
186.45650 -35.23480 2.0699298687e+01 -5.2553064097e+00
186.77290 -63.14750 1.6855543916e+01 -1.6040220651e+00
187.12920 -50.27900 1.4425482817e+01 1.5042024627e-01
187.58000 -16.56370 1.4165273778e+01 2.4816212622e+00
187.59760 -56.57320 1.2625609054e+01 1.6191673144e+00
187.91390 -57.16150 1.3066230921e+01 6.3668900502e-01
187.91390 -57.16150 1.2817623956e+01 8.5340448828e-01
187.91390 -57.16150 1.1030852375e+01 5.2592394260e+00
188.10960 -63.55410 7.7276724030e+00 7.9380878356e+00
188.13170 -16.24420 1.5083875105e+01 8.2245233594e-01
188.13170 -16.24420 1.5243318151e+01 6.5952106539e-01
188.17620 -73.04930 1.2240153009e+01 1.8648017433e+00
188.71210 -23.44490 1.3008257318e+01 1.2484843125e+00
189.05840 -41.07010 1.6650755160e+01 -1.6082380749e+00
189.42880 -69.18360 1.4135665125e+01 2.6448603651e-01
189.42880 -69.18360 1.4861560079e+01 -9.5247219306e-02
189.92480 -8.04350 1.4280320230e+01 5.1874014416e-01
190.08810 -40.03530 1.4408099852e+01 5.0253146274e-01
190.43060 -13.06180 1.3836317581e+01 3.5856303498e-01
190.50160 -49.00780 1.3822037675e+01 4.5228334629e-01
190.52750 -1.49730 1.5769700169e+01 -5.2292474953e-01
190.61310 -59.73370 1.4293222006e+01 1.7848810353e+00
190.77020 -48.86100 1.6509782772e+01 2.7103314336e-01
190.77020 -48.86100 1.6260296996e+01 1.8962319660e-01
190.91400 -56.22410 1.6858829554e+01 2.8182475461e-01
191.02090 -1.62480 1.1740759688e+01 2.9361972289e+00
191.70660 -68.15580 1.4067580635e+01 2.5965708652e-01
191.70660 -68.15580 1.6657396210e+01 -1.6257874947e+00
191.72160 -56.53650 1.6234354187e+01 -9.7069399676e-01
192.05970 -59.73640 1.2698441402e+01 8.1533067829e-01
192.58190 -72.03380 9.8982266170e+00 5.1724559120e+00
192.95610 -60.37730 1.5196610103e+01 1.4158177330e+00
193.10840 -39.72790 1.4818202122e+01 2.9508912150e-01
193.40380 -48.99070 1.3122731724e+01 2.9821386621e+00
193.47320 -60.37590 1.3867136269e+01 2.5764783745e+00
193.47320 -60.37590 1.0028331661e+01 5.0616042726e+00
193.58600 -60.42360 1.4194698730e+01 7.4298213028e-01
193.77840 -57.22520 1.6650296377e+01 -9.0537320150e-01
193.78370 -57.21600 1.6445241987e+01 -2.6790357850e-01
193.78370 -57.21600 1.6524485274e+01 -5.0029697388e-01
193.79470 -59.19400 1.5098874118e+01 1.2035012468e-01
193.79470 -59.19400 1.5345938678e+01 -9.2003553956e-02
193.79470 -59.19400 1.5490042982e+01 -2.8873844755e-01
194.01230 3.35020 1.4299760403e+01 1.6579611464e-01
194.01230 3.35020 1.4106564724e+01 3.4656601370e-01
194.11830 -56.88310 1.6702013238e+01 -2.5111608476e-01
194.11830 -56.88310 1.4049516917e+01 2.0436551604e+00
194.39520 -51.24590 1.5439006372e+01 -3.1090456777e-01
195.39820 17.07620 1.5013059158e+01 -2.6417628560e-01
195.92410 -71.52260 1.4720634190e+01 8.1475146393e-01
196.01660 -49.57410 1.2997726643e+01 1.8463968063e+00
196.69740 -48.51000 1.4502084012e+01 4.5268566598e-01
196.85650 -49.95290 1.5411184817e+01 -2.0582355892e-01
196.85650 -49.95290 1.5064926126e+01 1.2949437591e+00
196.98780 -59.90710 1.7047031531e+01 -2.3173001519e-01
196.98780 -59.90710 1.7347148224e+01 -4.2002308190e-01
196.98780 -59.90710 1.6294545091e+01 3.6661870360e-01
196.98780 -59.90710 1.7693405956e+01 -9.9419255431e-01
197.17310 -65.35260 1.7203875020e+01 -7.6700513716e-01
197.17310 -65.35260 1.5911787173e+01 2.0077186119e-01
197.38190 -23.16460 1.4746342832e+01 2.4685047995e-01
197.38190 -23.16460 1.4344730295e+01 5.7596637681e-01
197.38190 -23.16460 1.7093087851e+01 -1.7567071398e+00
197.60100 -5.58540 1.4086716063e+01 3.5935098057e-01
197.60100 -5.58540 1.4776639822e+01 2.6055376651e-01
198.21160 -59.96690 1.5201980847e+01 1.3425935842e-01
198.96320 -67.94070 1.4595968924e+01 6.0232652217e-01
199.11270 -19.98910 1.3862806815e+01 5.4276874005e-01
199.84960 -23.21730 1.4030885795e+01 2.8977116401e-01
200.27390 -36.75800 1.4106924307e+01 3.1364932684e-01
200.29180 -52.79350 1.5336054776e+01 4.2345230541e-01
200.70210 -52.22850 1.6322910205e+01 -2.1800041196e-01
200.70210 -52.22850 1.9755680708e+01 -3.4728249916e+00
200.80130 -61.03390 1.5295933170e+01 -1.2054124060e-01
200.80130 -61.03390 1.5580740924e+01 -2.2060185735e-01
201.41380 -11.20670 7.4064343717e+00 6.0833999146e+00
201.45740 -64.53050 1.3065922240e+01 1.7908790223e+00
202.88870 -39.45220 1.4008064220e+01 6.1444519865e-01
203.10540 -6.30060 1.4624491728e+01 -3.6527843076e-02
203.78560 -0.64040 1.3872397611e+01 1.6823676448e+00
204.45100 -61.73620 1.1949773264e+01 1.9510200168e+00
205.11180 -53.51050 1.3194363859e+01 7.7623112435e-01
205.11180 -53.51050 1.3306262839e+01 6.7047571123e-01
205.11180 -53.51050 1.5850276724e+01 -1.0601471757e+00
205.65140 -58.83100 1.5930875453e+01 -7.0314613062e-02
205.65140 -58.83100 1.6609303061e+01 -6.0127125946e-01
205.65140 -58.83100 1.5110209954e+01 3.3172163231e-01
206.54810 -33.08730 1.4603226490e+01 1.2930450896e-01
206.80370 -51.47630 1.4309955538e+01 1.0457599462e+00
207.04930 -50.36410 1.4603097581e+01 -4.6012163934e-02
207.48880 -34.49400 1.4142549733e+01 3.3203061503e-01
207.50820 -41.73090 1.4246067584e+01 2.5568850881e-01
207.53680 -42.51690 1.4065165904e+01 4.9238202099e-01
207.53680 -42.51690 1.4661133000e+01 3.6861506205e-02
207.58730 -18.17740 1.4414886293e+01 6.2108714180e-01
207.58730 -18.17740 1.5229106158e+01 8.8455222156e-01
208.08360 -33.03710 1.4333617563e+01 2.9106765049e-01
208.08360 -33.03710 1.3964185558e+01 8.3566739656e-01
208.42880 -31.97050 1.4917476527e+01 1.8885726325e-01
208.42880 -31.97050 1.4804726095e+01 2.6493570295e-01
208.42880 -31.97050 1.5856084145e+01 1.0699770313e+00
209.02260 -47.33100 1.2933882008e+01 1.1291093249e+00
209.02260 -47.33100 1.3550773796e+01 6.4306371929e-01
209.02260 -47.33100 1.8831839331e+01 -2.2998967192e+00
209.21960 -46.63550 1.9306230903e+01 -2.8213450523e+00
209.70160 -42.14310 1.4409758098e+01 2.5097370692e-01
209.70160 -42.14310 1.4706925073e+01 6.3567574908e-02
209.75310 -25.01460 1.4567428565e+01 6.6418511223e-02
209.80590 -44.84590 1.6736040508e+01 -1.5247678159e+00
210.56860 -45.64540 1.5317009283e+01 -5.5301786349e-01
211.11210 -60.41480 1.4455056834e+01 3.4319894017e-01
211.64590 -41.22110 1.4653677816e+01 1.9377400873e-01
211.71780 -26.72380 1.4285154169e+01 1.8656243236e-01
211.71780 -26.72380 1.2727233173e+01 1.0762550721e+00
211.80160 -36.41140 1.2995600049e+01 8.1936704888e-01
211.80160 -36.41140 1.5314414933e+01 -2.9782544765e-01
213.34090 -10.31440 1.5815421221e+01 -5.6132764423e-02
213.46690 -53.70630 1.6685867140e+01 -1.1179995215e+00
214.11860 -6.04090 1.5466902842e+01 -5.7383725803e-01
214.11860 -6.04090 1.5546353841e+01 -5.0043762274e-01
214.78090 -18.75600 1.4026759134e+01 4.3765534186e-01
214.99200 -46.09800 1.4294405628e+01 2.3170346288e-01
214.99200 -46.09800 1.4193199957e+01 2.2424013688e-01
214.99200 -46.09800 1.4770232421e+01 -6.7018691584e-02
215.23570 -56.42630 1.5106941606e+01 -8.9482743670e-02
215.23570 -56.42630 1.4324506865e+01 2.3406081018e-01
215.27320 -37.92510 1.4544705999e+01 7.3834443980e-02
215.31780 -45.22680 1.3248420958e+01 1.4585215577e+00
215.81290 -58.49870 1.4276561932e+01 4.6874493962e-01
216.11160 8.20460 1.5006257931e+01 4.1360199450e-01
216.68660 -45.41840 1.5017478884e+01 3.0286332927e-01
216.68660 -45.41840 1.6301464194e+01 2.9934620304e-04
217.67810 -45.35990 1.3325050843e+01 1.7043380255e+00
218.30300 -50.49540 1.3622638424e+01 6.0139988507e-01
219.01660 -42.19570 1.7931498869e+01 -1.4238946831e+00
219.02040 -41.55530 1.5941536711e+01 3.1783725815e-01
219.22350 -46.28320 1.5777580695e+01 2.7883870034e-01
219.47820 -46.17110 1.5438183461e+01 4.0367215470e-01
219.47820 -46.17110 1.4785901940e+01 6.8316045516e-02
220.06440 -60.87450 1.2923040695e+01 1.3898441458e+00
220.06440 -60.87450 1.5595584017e+01 -7.4295264393e-01
220.07030 -60.87130 1.1387430027e+01 1.5085743256e+00
220.39170 13.69120 1.4293873347e+01 2.0111152851e-01
220.62880 -47.42520 1.3760839295e+01 3.5551634152e-01
220.62880 -47.42520 1.3051862837e+01 8.8286257455e-01
220.62880 -47.42520 1.3019683496e+01 9.9509099971e-01
220.80690 -65.01210 1.3667584749e+01 6.3973900501e-01
220.88030 -5.69510 1.4557930406e+01 -6.8901140764e-02
220.88030 -5.69510 1.5517863168e+01 -5.3100082902e-01
221.04890 -35.21040 1.4291374894e+01 9.7995425045e-01
221.38150 -35.22840 1.5528862266e+01 1.5028612763e-01
221.38150 -35.22840 1.5424556917e+01 2.1993108839e-01
221.38150 -35.22840 1.4108567826e+01 1.1115918204e+00
221.67320 1.85650 1.6289523439e+01 -9.7898664004e-01
221.76820 -47.47750 1.2749644989e+01 2.8673211401e+00
221.97170 -25.66050 1.5822213539e+01 1.7408756703e-01
221.97170 -25.66050 1.6125069279e+01 -1.0939465480e-01
221.97170 -25.66050 1.4253416826e+01 1.1210059493e+00
222.06470 -26.12370 9.0077085922e+00 5.1072524922e+00
222.79320 -16.03300 1.4931047546e+01 1.2355092889e+00
222.84120 -16.07750 1.3832026452e+01 4.7256363280e-01
222.84120 -16.07750 1.4258506141e+01 3.3916841999e-01
223.05330 -43.61100 1.4261002898e+01 7.2232601669e-01
224.07110 -33.89080 1.3855441199e+01 4.9059088976e-01
224.93350 -42.13870 1.4213063865e+01 2.3480223269e-01
227.35910 -45.31290 1.4875739453e+01 -3.5916793332e-03
228.13710 -48.77040 1.4149009230e+01 6.1218965543e-01
228.13710 -48.77040 1.4546085680e+01 2.9854507125e-01
228.13710 -48.77040 1.5832957512e+01 -5.6895294266e-01
228.14370 -48.77620 1.6662805834e+01 7.5974060601e-02
228.14370 -48.77620 1.6820363893e+01 -6.0855806779e-02
228.14370 -48.77620 1.6219325346e+01 4.1924048939e-01
228.14370 -48.77620 1.6503450125e+01 -1.0698515540e+00
228.18050 -19.82420 1.4567423220e+01 1.4656873430e-01
228.22990 -52.13170 1.5021561191e+01 -5.7793162690e-02
228.79000 -31.55130 1.6382422981e+01 3.7622847432e-01
229.12670 -48.10560 1.6727793069e+01 1.1048533277e-01
229.12670 -48.10560 1.5123398299e+01 3.9317533072e-01
229.33130 -60.93580 1.6836392548e+01 -1.3614690755e-01
229.41570 -60.98900 1.4455261060e+01 4.5615775099e-01
229.78660 -47.90680 1.8649636805e+01 -1.5779308601e+00
229.88260 -60.52780 1.4148891659e+01 3.4927749710e-01
230.59120 -36.29230 1.3569358530e+01 1.1851728166e+00
230.60500 -48.34860 1.6650401673e+01 1.7121870573e-01
230.60500 -48.34860 1.6319354672e+01 2.8356396766e-01
230.60500 -48.34860 1.5967967725e+01 4.5413187738e-01
230.68830 -47.95870 1.6307323060e+01 -7.1580543596e-02
230.68830 -47.95870 1.6149970020e+01 1.8157584861e-02
230.68830 -47.95870 1.3610341917e+01 9.8729766422e-01
230.81970 -44.72040 1.4580202795e+01 3.1976281565e-02
230.81970 -44.72040 1.5007254249e+01 -2.9261052044e-01
230.92940 -36.88920 1.5540010003e+01 1.2614796875e-02
230.92940 -36.88920 1.5108107376e+01 3.7965781989e-01
230.92940 -36.88920 1.5644932003e+01 3.4608924391e-02
230.92940 -36.88920 1.5757545156e+01 4.2342130192e-01
231.02020 -59.35150 1.5664769581e+01 -1.6321872691e-01
231.02020 -59.35150 1.5283471711e+01 1.4961368445e-01
231.47690 -38.76400 1.4075001504e+01 5.9759010039e-01
231.96630 -36.79760 1.4561199719e+01 1.0990867869e+00
233.78850 -28.07580 1.5994562309e+01 2.0834010096e-01
233.78850 -28.07580 1.8890457110e+01 -2.1661542720e+00
233.80540 10.51010 1.3839306690e+01 4.5518110848e-01
233.93170 -41.19550 1.3949881906e+01 3.8972261715e-01
234.00410 -14.81820 1.5194057002e+01 -3.7397536671e-01
234.20120 -44.42540 1.4303885096e+01 5.5006905449e-01
234.38930 -28.16350 1.4487031962e+01 2.6231622848e-01
234.38930 -28.16350 1.5116095418e+01 -3.1078466679e-01
234.79890 -29.80590 1.4156659204e+01 2.8051574683e-01
234.79890 -29.80590 1.3532242016e+01 1.1316141645e+00
235.08100 -34.43990 1.4021998913e+01 8.7091778152e-01
235.44910 -44.68890 1.4408004237e+01 4.7666837460e-01
235.81090 -34.73780 1.6605657034e+01 -1.1067750047e+00
236.17450 6.39850 1.7533172474e+01 -1.0155632545e+00
237.35150 -3.84480 1.5029310071e+01 7.6379066649e-01
237.51960 -3.45640 1.5007924998e+01 -1.7457755670e-01
237.87930 -33.65310 1.2505469595e+01 1.9487926390e+00
238.53470 -25.35260 1.3061807228e+01 1.4933943086e+00
239.00800 -26.29110 1.3366089475e+01 1.1913417301e+00
239.35670 -29.23890 1.4309473409e+01 2.0726083029e-01
239.84570 -26.13860 2.6155975398e+00 9.1645536636e+00
240.17610 -38.42100 1.4071410655e+01 4.6265647725e-01
240.99690 -38.62620 1.5913700111e+01 2.9000589032e-01
240.99690 -38.62620 1.5511761538e+01 5.2045944931e-01
240.99690 -38.62620 1.5808998247e+01 3.7963104719e-01
240.99690 -38.62620 1.4277661326e+01 1.1017960828e+00
241.48680 -19.82880 1.3847677426e+01 4.0047095153e-01
241.48680 -19.82880 1.5026913994e+01 7.8169305848e-01
241.48810 -19.82520 1.6547906111e+01 1.3747557121e-01
241.48810 -19.82520 1.6116572579e+01 4.3556122719e-01
241.48810 -19.82520 1.0655433145e+01 3.4774629364e+00
241.79230 -36.82540 1.3909024898e+01 8.0990236960e-01
241.83010 -20.69220 1.3350796880e+01 1.3414790812e+00
241.83010 -20.69220 1.5995568097e+01 1.2765553545e-01
241.97980 -20.89170 1.3715802757e+01 1.2136193850e+00
241.97980 -20.89170 1.4701832814e+01 6.0426447291e-01
241.97980 -20.89170 1.3888155207e+01 7.9480938659e-01
243.14910 -8.56960 1.5729102042e+01 3.5125877102e-02
243.52020 -55.56270 1.5398886543e+01 8.6514393105e-01
243.54320 -54.65220 1.7329869028e+01 -6.1778298326e-01
243.54320 -54.65220 1.6348814003e+01 3.6549383393e-02
243.54320 -54.65220 2.0974959839e+01 -3.4655014196e+00
243.70130 -3.71590 1.2424235592e+01 2.1306329250e+00
244.35240 -53.83230 1.6051657722e+01 5.1540244425e-01
244.41840 -50.08920 1.5559177378e+01 -2.3000038325e-01
244.69610 -4.71340 1.5218860369e+01 -8.3544767001e-03
245.28080 -55.16010 1.6259828372e+01 1.4021444144e-01
245.43050 -25.61310 1.4950717100e+01 -1.1996521943e-01
247.98890 -34.72270 1.3905110661e+01 5.1108451255e-01
249.10710 -28.23340 1.4137823303e+01 5.2975733588e-01
249.23790 -35.27260 1.3217526237e+01 1.1862418942e+00
249.41030 -10.58430 1.2491864738e+01 1.3166362166e+00
253.11620 -38.06160 1.7992260732e+01 -1.8430417797e+00
253.11620 -38.06160 1.5802026385e+01 -4.8507772051e-01
253.11620 -38.06160 1.4672953612e+01 5.3436643471e-01
253.23250 -38.03160 1.5390871214e+01 1.6455407506e-01
253.58250 -43.06480 1.6729687548e+01 4.7840045335e-01
253.58250 -43.06480 1.6357653024e+01 1.1863251204e-01
253.65360 -42.37580 1.5694899979e+01 3.2402442560e-01
