11.00650 -17.93880 1.3431333792e+01 2.6114394161e-01
15.80320 -46.35040 1.5592358852e+01 2.8963376085e-01
16.61840 -46.67170 1.3659456464e+01 2.7886258300e-01
17.05220 -9.73900 1.5721270616e+01 3.8147940995e-01
17.25700 -10.13570 1.3420750582e+01 4.3482689711e-01
22.18610 -43.27310 1.3687794618e+01 2.8751909471e-01
24.50930 -57.19240 1.1445726156e+01 1.1366363683e+00
26.12300 -15.89370 1.3087379616e+01 4.7847000148e-01
27.50410 -10.64320 1.4878337853e+01 1.8087330969e-01
27.97310 -10.29200 1.4030560954e+01 1.7575463199e-01
28.78100 20.85070 1.2482687127e+01 4.7269660666e-01
29.07170 -51.56630 1.3357380003e+01 4.7041334941e-01
29.76000 -61.52760 1.3913281993e+01 -1.7124022713e-01
30.04530 -20.78240 1.5479216862e+01 2.6491293543e-01
30.10400 -21.03570 1.4037469981e+01 2.8550169068e-01
31.91660 23.50380 1.3600444386e+01 1.8246833300e-01
34.20510 -51.47190 1.3496480189e+01 1.1875784795e-01
40.25270 -39.81820 1.2885516746e+01 9.8791612184e-01
40.93910 3.27260 1.1769327334e+01 1.2793285143e+00
44.21360 -8.86320 1.3379726178e+01 5.1246329834e-01
44.64840 -40.27000 1.3548912647e+01 -6.5570494873e-03
45.68450 4.12380 1.3936114444e+01 1.0600486663e-01
45.70860 4.38690 1.6811184432e+01 1.3658035448e-01
48.11090 -28.95510 1.3681853113e+01 1.3619651249e-01
49.97640 -21.72650 1.4054110292e+01 2.6219616537e-02
51.32140 9.05930 1.2931838258e+01 6.4167840868e-01
53.33830 -9.42910 1.3945102803e+01 8.9515533807e-02
55.91720 -9.73610 1.3933606152e+01 -1.6799459923e-02
56.07610 -64.77970 1.3185258391e+01 7.3809161380e-01
56.80660 -23.22300 1.4334445745e+01 -2.1386600611e-01
57.00920 -23.84810 1.4540345851e+01 4.7106564965e-01
57.42720 24.16300 1.4769967490e+01 7.5053324938e-01
57.44560 -36.17400 1.3922247019e+01 2.3384922725e-01
59.60940 -13.48380 1.4631675544e+01 -4.3450814093e-01
59.72140 -61.37560 1.4133880037e+01 6.1795939558e-01
60.29150 12.51450 1.2979895714e+01 3.9240276394e-01
60.36110 -61.05470 1.4606382453e+01 4.8703553094e-01
60.90560 6.01300 1.4451602956e+01 -4.4617532171e-01
61.05200 5.45920 1.7658682593e+01 -1.8695908481e+00
62.70070 -6.90150 1.5629719975e+01 -1.6840717626e-01
62.78390 -41.97130 1.5683099060e+01 -4.7893177463e-01
63.07330 -6.81550 1.4046089711e+01 -5.3253303784e-03
63.57290 -42.27270 1.5425774241e+01 -1.1528013064e+00
63.60410 9.28550 1.5527392830e+01 -4.2385427558e-01
63.63460 -62.45220 1.3340543495e+01 5.4519387914e-01
63.73160 -62.17020 1.6180612395e+01 -3.3669469987e-02
64.00250 8.91380 1.3401826378e+01 6.6551385990e-01
64.55630 -33.77740 1.3918168465e+01 -2.7998690274e-01
65.07280 15.64820 1.3949986618e+01 9.2311441814e-02
65.27530 15.11590 1.5458098483e+01 1.3164190730e-01
65.85990 17.56250 1.3243519861e+01 6.8091223117e-01
66.09130 -33.99710 1.4216960864e+01 -5.7540523259e-02
66.15010 17.46390 1.4738447514e+01 4.8913042421e-01
66.71100 15.63760 1.6573266391e+01 -8.6500415540e-01
67.26870 15.98110 1.5418647036e+01 -9.1392383010e-02
67.28190 19.19930 6.2981834391e+00 4.5587663575e+00
67.29040 15.88970 1.4995129548e+01 -1.4896065344e-01
67.66050 15.65640 1.6660188121e+01 9.8837119720e-02
67.76530 16.21250 1.6165026045e+01 -8.1262741158e-02
67.78680 15.71030 1.6368084942e+01 2.2920222859e-01
68.46350 -29.74860 1.2953907633e+01 1.3173332500e+00
68.97290 -30.54480 1.3814838971e+01 2.0255153592e-01
69.10570 16.52670 1.3737931010e+01 1.8869444952e-01
69.18920 -3.33510 1.4214062142e+01 -4.1912874220e-01
69.64550 -14.28700 1.4397168024e+01 -2.0124863659e-01
69.66460 16.05030 1.3799809214e+01 2.7779508803e+00
69.93250 -14.34240 1.6094395669e+01 -2.9483610623e-01
70.20620 -19.65500 1.4362411066e+01 -1.2753013851e-01
71.48510 -3.23910 1.3387209631e+01 3.4571824692e-01
72.23410 -16.31460 1.7758194874e+01 -2.0371932898e+00
72.57780 6.97590 1.3623892283e+01 6.0053522125e-02
72.64700 -16.20260 1.5440776660e+01 -5.7996216086e-01
72.91820 5.61950 1.3272665933e+01 2.7238915181e-01
73.45900 2.52210 1.5502192029e+01 9.0854051919e-02
73.67700 2.45440 1.3795513386e+01 4.6459451522e-02
75.76040 -49.13940 1.5037573551e+01 2.2514577893e-01
76.18010 -35.47130 1.2550702438e+01 1.7639133453e+00
76.29830 -49.56630 9.1081130612e+00 5.5702740763e+00
76.45790 -22.35960 1.4064170468e+01 5.0091696163e-02
77.07030 -5.07550 1.4538247326e+01 -6.8504200679e-01
77.29050 -4.44540 1.9281773013e+01 -2.9536161332e+00
77.39140 -8.74340 1.4611120798e+01 -6.0715847092e-01
77.94740 -11.83890 1.5916589419e+01 -4.2180583952e-01
78.17670 -11.85920 1.2985558473e+01 1.1300596013e+00
78.33110 -16.19560 1.3808711779e+01 -2.0037418457e-01
78.73970 -8.19210 1.5613827120e+01 -2.6958338334e+00
79.51820 -13.51090 1.5187308337e+01 1.1961259061e-01
79.99470 -13.16830 1.3350631634e+01 6.6513936466e-01
80.93210 -8.40790 1.6642384166e+01 -6.4228970429e-01
81.03820 -0.15220 1.3958295500e+01 1.2860463364e+00
81.09230 -7.80050 1.4320028868e+01 -1.3490525294e-01
81.22930 -2.38970 1.3765772152e+01 -1.1600040874e-01
81.40020 6.35700 1.3562107548e+01 -1.1140302801e-01
82.15510 -20.75280 1.3759690883e+01 1.2484954738e-01
82.87540 -20.85760 1.5645088104e+01 4.3176580180e-01
82.88080 -35.46440 1.4151134090e+01 1.1257697193e-02
83.08860 -7.29560 1.1687610685e+01 2.3849238011e+00
83.11350 -0.29320 1.1896896891e+01 1.3767606378e+00
83.27910 -17.81650 1.3483828661e+01 1.1822406768e-01
83.28300 -1.58610 1.6017242029e+01 -6.5353606448e-01
83.35880 -35.13370 1.5986155900e+01 5.0462910986e-02
83.42550 -62.48420 1.7971215532e+01 -3.5017314692e+00
83.62770 -1.46480 1.8243133453e+01 -2.3811105516e-01
83.82530 9.49490 1.7154417451e+01 -1.3780418758e+00
83.92600 10.24530 1.5859162949e+01 1.6966559137e-01
84.16450 -1.19690 1.3468172190e+01 6.8360635434e-02
84.25570 -6.05980 1.6653366601e+01 3.8699368682e-01
84.34660 9.29550 1.7859752276e+01 -2.4008830946e+00
84.79640 -2.59560 1.3070409750e+01 8.5042123687e-01
84.99150 -34.06980 1.3485023696e+01 3.1700481872e-02
85.32240 -1.12480 1.6119550606e+01 -3.4258237334e-01
86.20780 -22.44510 1.3977836414e+01 9.9036892806e-03
86.83810 -14.81920 1.3724530269e+01 2.9467085239e-02
86.87310 -51.06380 1.3274169800e+01 4.4506902446e-01
87.04290 -9.66700 1.3324885917e+01 1.2898394872e-01
87.73890 2.02670 1.0848403333e+01 4.1984192617e+00
87.81700 -35.76640 1.3997043712e+01 1.5431687893e-02
87.92390 -20.87730 1.3914371393e+01 2.9329428107e-02
88.91130 7.40800 1.3339624071e+01 3.0905759480e-01
89.20100 -14.16700 1.3867942782e+01 -8.0609982304e-02
89.46180 -35.28280 1.0658765829e+01 3.2710614661e+00
89.85360 -42.81500 1.3916181129e+01 1.4053719021e-01
93.82060 -6.27800 1.4027720173e+01 1.4428234940e-01
94.21590 -35.14410 1.3605706831e+01 5.4901354330e-01
95.16230 -30.06770 1.3598620554e+01 3.4060707778e-03
95.60850 -33.44110 1.4083632614e+01 -6.4680562351e-03
95.77130 -17.96080 1.3172162660e+01 1.9588437626e-01
96.03650 -52.70080 1.0277921100e+01 1.6865693610e+00
97.12370 -32.58610 1.3175842181e+01 9.3227618145e-01
97.24500 -32.37740 1.4647123102e+01 7.4394104552e-01
97.31060 -7.03920 1.3423396778e+01 1.8806050231e-01
98.53290 -36.23920 1.5044923217e+01 1.5678575514e-01
98.79230 -52.98300 1.2816610805e+01 1.2088106352e+00
98.85580 -22.97230 1.3331757589e+01 8.9927044035e-01
98.92700 -36.78740 1.5883948481e+01 -5.5196496916e-01
99.19100 -18.66760 1.6484124363e+01 -1.6455967074e-01
99.26630 -19.26370 1.4207205840e+01 -7.0604646537e-03
99.50730 -43.20400 1.3674333877e+01 -3.9599575456e-02
99.55410 16.39120 1.3251655450e+01 1.8073033189e-01
99.56880 -18.24550 1.4000612084e+01 3.7751783403e-01
101.12040 13.21870 1.5099915719e+01 1.4610102043e-01
101.38490 -16.72570 9.4533193505e+00 1.9878267747e+00
102.07040 -61.95160 1.3446347464e+01 1.4668136610e-01
102.51130 -53.63300 1.5046198464e+01 -7.1927776363e-01
102.53820 -50.62510 1.3823552392e+01 1.3698095105e-01
102.54200 -32.51900 1.3687902576e+01 -5.7087734723e-02
103.48170 -20.23560 1.4651850011e+01 3.2467189401e-03
103.62390 -24.19560 1.4487835424e+01 -4.5034477198e-02
103.64950 -12.05010 1.4394439118e+01 -1.6167121346e-01
103.85590 -20.41650 1.5836740780e+01 -1.3168867308e-01
104.00070 -20.14820 1.4817515375e+01 -1.6727799524e-01
104.13180 -17.06610 1.3876699049e+01 1.6580226537e-01
104.74240 -28.98440 1.2647595417e+01 5.0090323875e-01
105.51700 -27.94780 1.4408354008e+01 -7.9345275811e-02
105.59230 -5.73510 1.5404403223e+01 -9.9581734675e-02
105.84750 -23.84660 1.3589467295e+01 -1.1939282364e-02
106.03850 -15.64670 1.4599491465e+01 -6.4201874605e-01
106.77260 -11.30800 1.4743259064e+01 4.7201226442e-01
107.15720 -70.51150 1.4845345894e+01 8.8587040703e-01
107.16760 -70.51330 1.2609675461e+01 1.1741923115e+00
107.18680 -26.40760 1.3216497782e+01 3.3492837785e-01
107.96020 -0.31690 1.5630093964e+01 -1.5509901662e-01
108.14040 -25.95770 1.4430210515e+01 1.1978875521e+00
108.20300 -46.77450 1.4104867725e+01 3.4460436968e-01
108.65260 -26.36800 1.4649572681e+01 -1.0524601083e-01
108.75460 -46.86530 1.5544011367e+01 2.4669599984e-01
108.79150 -26.78830 1.4337335669e+01 -7.0527261430e-02
108.80170 -27.05370 1.6011424092e+01 -1.4294149713e-01
108.92250 -30.70220 1.4932529359e+01 1.2081371030e-01
109.12760 -46.79050 1.5607697251e+01 2.7670083611e-01
109.20600 -67.97320 1.3185891853e+01 7.4520683535e-01
109.23350 -27.89720 1.3503301652e+01 1.0776019299e+00
109.24570 -23.33160 1.4595232513e+01 2.8465063301e-01
109.28380 -36.60870 1.6399109459e+01 8.5791121978e-02
109.36300 -37.11360 1.4226210943e+01 1.3457763885e-01
109.64890 16.52410 1.3434716490e+01 2.9059387953e-01
109.75940 -24.57510 1.4853199248e+01 6.2534350130e-02
109.76780 -24.97080 1.4404372346e+01 7.3429219773e-02
109.80280 -26.60230 1.5021419181e+01 3.8010194156e-01
110.83660 -31.94110 1.5324927141e+01 6.4826334372e-02
110.96630 -32.21950 1.5312669884e+01 1.0222598743e-01
111.11030 -29.32060 1.3444546076e+01 7.1638282856e-02
111.26660 -31.82650 1.5348425550e+01 1.2412141248e-01
111.53150 9.25830 1.5484448406e+01 8.0656840257e-02
111.84060 -23.10410 1.4831299756e+01 5.7120676046e-01
111.90630 8.27120 1.3861287543e+01 -6.8562132018e-02
112.16000 8.90720 1.5463185181e+01 -1.4626755229e-01
112.35500 -31.47470 1.4710487676e+01 8.1868878471e-01
112.37720 -43.31990 1.4030738321e+01 7.2587280652e-02
112.76260 -30.98110 1.4325448883e+01 1.6293472105e-01
113.55030 -14.54330 1.5185839305e+01 -6.1150904785e-02
113.60700 -22.31550 1.4526280422e+01 -1.9775495270e-01
114.11680 -14.51260 1.5826377640e+01 3.1210120241e-02
114.26120 5.84220 2.0317151066e+01 -1.1414235342e+00
114.42320 -34.98860 1.4016342897e+01 2.0715052221e-01
114.79750 -26.82420 1.3688517403e+01 1.3698320234e-01
114.94110 -38.32850 1.4941217722e+01 7.6717476310e-02
114.94160 5.20450 1.3016986685e+01 3.3223635883e-01
115.00990 -38.15980 1.5085481270e+01 7.9705848163e-01
115.02670 -38.28120 1.5171489277e+01 7.3080838382e-01
115.06970 -37.60000 1.4932219439e+01 1.0543362351e+00
115.39290 -38.55440 1.5721322519e+01 -4.0768320692e-02
115.41650 -9.57200 1.3666715806e+01 2.9149007366e-01
115.97330 -28.43220 1.5089621560e+01 -2.3741723913e-02
115.99880 -40.95510 1.4049857003e+01 8.5250815219e-01
116.03980 -28.97620 1.4419626746e+01 -1.2604934760e-01
116.22040 -37.96440 1.6997550455e+01 -1.8372745213e-01
116.23440 -24.69560 1.6366325125e+01 7.5309581146e-02
116.39170 -37.99020 1.4916365726e+01 -1.9743339404e-01
116.62200 -37.95550 1.7132505390e+01 -3.4001932788e-01
116.93160 -38.53320 1.6447979331e+01 -7.9938024784e-01
116.94740 -46.63050 1.5759968957e+01 -5.8086034357e-02
117.14940 -47.09990 1.4759199182e+01 1.4785789845e-01
117.34890 -24.93450 1.6152537475e+01 -1.2464529205e-03
117.36950 -46.88010 1.5903170304e+01 2.8860046412e-01
117.37620 -46.39560 1.3985480720e+01 1.6946731458e-01
117.41560 -24.88220 1.4214026739e+01 -2.6066323000e-03
118.12960 -40.59870 1.4333597622e+01 -1.9956033158e-01
118.23850 -38.88580 1.3804513746e+01 4.2919100557e-01
119.11440 -60.55010 1.6090992257e+01 3.4999531388e-01
119.11440 -60.55010 1.0597840799e+01 3.2475109485e+00
119.25030 -53.00610 1.3868965303e+01 -1.2047461382e-01
119.25030 -53.00610 1.5103873742e+01 -7.8551178283e-01
119.30890 -22.90390 1.5693073576e+01 -8.6219589032e-01
119.48320 -60.32700 1.5639586451e+01 4.8185772212e-01
119.48320 -60.32700 1.2286016406e+01 3.0545651265e+00
119.62310 -49.26900 1.4006156913e+01 3.6570425686e-01
119.62310 -49.26900 6.8141328991e+00 7.4126511076e+00
119.74690 -60.84860 1.2671660837e+01 2.8827893953e+00
119.86770 -23.33460 1.3366581195e+01 2.0476906967e+00
119.94360 -60.61140 1.3316967002e+01 1.0328563027e-01
121.97940 -24.33010 1.5862657400e+01 -1.0983611421e+00
122.35480 -48.71050 1.2706150697e+01 6.4361029988e-01
122.45060 -47.36270 1.3419182851e+01 1.1230515699e-01
122.49630 -47.96330 1.6541933693e+01 3.1300320869e-01
122.49630 -47.96330 1.6469106501e+01 3.9904528615e-01
122.49630 -47.96330 1.6836790555e+01 1.0102716151e-01
122.49630 -47.96330 9.2292311092e+00 5.4802948815e+00
123.06870 -46.67090 1.4611003782e+01 1.0628245316e+00
123.57520 -36.34920 1.5378510344e+01 -6.2941555525e-02
123.57520 -36.34920 1.5582303539e+01 -2.4917784147e-01
123.57520 -36.34920 1.4009981992e+01 9.7566665902e-01
124.24740 9.15820 1.4836279923e+01 -4.1390821849e-01
125.42040 -36.51240 1.5702816759e+01 -1.3805930831e+00
125.67330 -59.53790 1.2185447864e+01 1.2861306142e+00
125.67330 -59.53790 1.8612151810e+01 -2.5917886053e+00
126.25540 -3.78000 1.6070541874e+01 -2.1782487101e-01
126.25540 -3.78000 1.6346239301e+01 -4.3956698632e-01
126.25540 -3.78000 1.7190081788e+01 -1.2177095069e+00
126.45760 -66.16580 1.3892334676e+01 1.5442464847e-01
126.45760 -66.16580 1.3808855464e+01 1.8395305576e-01
126.72270 -4.01660 1.4483366522e+01 1.3062558519e+00
129.91100 -53.47100 1.6422500915e+01 -1.0793465917e-01
129.91100 -53.47100 1.5784091743e+01 3.1861812550e-01
130.05240 -53.08610 9.2000688849e+00 5.1219682338e+00
130.11130 -35.33970 1.6183154094e+01 2.2166407271e-01
130.13540 -53.04680 1.6058633586e+01 3.2657253211e-01
130.13540 -53.04680 1.1842151559e+01 3.1886390608e+00
130.13600 -52.95330 1.4206458332e+01 2.3366737197e-01
130.13600 -52.95330 1.7286452938e+01 -2.0627922613e+00
130.22150 -45.22250 1.5853872013e+01 -1.2367669504e+00
130.22920 -46.68020 1.4804837270e+01 -2.5616351091e-01
130.37650 -47.34870 1.6134939485e+01 -9.3572702493e-01
130.37650 -47.34870 1.5776518651e+01 -5.1731111308e-01
130.63830 -48.13080 1.6115071114e+01 2.3239129138e-01
130.64190 -53.13180 1.5504652077e+01 1.8307059793e-01
130.66860 -53.14570 1.3753727888e+01 1.1210389715e+00
130.98610 -33.21830 1.3086689225e+01 9.1064144512e-01
131.17800 -42.68130 1.2660084932e+01 6.0309043884e-01
131.23620 -54.74090 1.2742045638e+01 1.0068165464e+00
131.58110 -46.07380 1.4514465675e+01 -8.1937671736e-02
131.58110 -46.07380 1.3927475541e+01 3.5489250826e-01
131.69720 -13.58010 1.6061966034e+01 -6.0055902102e-02
131.70180 -45.94490 2.0389441013e+01 -4.4284879829e+00
131.80990 6.38640 1.3991511936e+01 -4.5644543603e-02
131.80990 6.38640 1.3825711262e+01 3.9577202646e-02
131.80990 6.38640 1.6459087900e+01 -9.0716824877e-02
132.22400 5.80510 1.5257572819e+01 -3.2006609598e-01
132.71370 -46.56220 1.3846073801e+01 2.8797775574e-01
132.72630 -27.74290 9.9813581254e+00 4.0901427459e+00
133.50270 -60.38740 1.5158509748e+01 4.7706180670e-01
133.50270 -60.38740 1.5294045766e+01 4.0490354337e-01
133.50270 -60.38740 1.5136372720e+01 5.3610373821e-01
133.50270 -60.38740 1.6490798845e+01 -5.6365241182e-01
133.50270 -60.38740 9.3106322518e+00 4.4669644511e+00
133.81130 -60.67830 1.3462732521e+01 3.3453488360e-01
134.79280 -47.26900 1.4085836110e+01 1.2031730880e-02
136.42690 -70.57380 1.3543959244e+01 4.3827057219e-01
137.07960 -43.46820 1.3528618818e+01 4.4937076137e-01
137.07960 -43.46820 1.4233485961e+01 4.3869410308e-02
137.10800 -25.89420 1.3574528892e+01 8.6222524516e-01
137.10800 -25.89420 1.4417222227e+01 -4.2578787261e-01
137.79970 -59.00300 1.5770662553e+01 -1.3994585737e+00
138.20830 -43.64960 1.2154620334e+01 3.6933647445e+00
138.28900 -59.45030 1.6799896046e+01 3.5660897572e-01
138.28900 -59.45030 1.6675345575e+01 4.6384951298e-01
138.28900 -59.45030 1.6773591484e+01 3.5859461992e-01
138.28900 -59.45030 1.6814801196e+01 3.5834962743e-01
138.28900 -59.45030 3.5673724646e+01 -1.6246109849e+01
138.61500 -44.18230 1.5236235221e+01 4.7658084369e-01
138.61500 -44.18230 1.6811581345e+01 -1.8000838038e+00
139.33110 -59.31220 1.3056598059e+01 4.4405027084e-01
139.33110 -59.31220 1.6016464777e+01 4.2840251363e-01
140.52540 -55.55230 1.9830874070e+01 -4.3796209603e+00
140.59630 -55.04830 1.3316078116e+01 2.5708616368e-01
140.59630 -55.04830 1.3549467733e+01 8.0856560298e-02
140.59630 -55.04830 1.3428591908e+01 2.0708638927e-01
140.59630 -55.04830 1.3328443259e+01 2.5721863046e-01
140.59630 -55.04830 1.5224834960e+01 -9.4456041307e-01
142.00430 -8.69700 1.4296777340e+01 -1.1466470581e-01
142.40180 -35.98990 1.4140388494e+01 -1.1115044187e-01
142.76190 -40.50550 1.3936921894e+01 1.9388628270e-01
142.87220 -57.07320 1.6200625521e+01 -1.4405266357e+00
142.97860 -35.75360 1.5358515719e+01 4.7610905167e-01
142.97860 -35.75360 1.6113041075e+01 -2.4344068963e-01
142.97860 -35.75360 1.5802061902e+01 1.5183648002e-03
143.16730 -40.68830 1.5794822467e+01 1.2626868074e-02
143.16730 -40.68830 1.3257666704e+01 1.5893808129e+00
143.51430 -49.04420 1.5620812033e+01 -1.1971218196e+00
144.28530 -49.39460 1.3678941562e+01 6.4010151711e-01
144.28530 -49.39460 1.5500620411e+01 -1.1696569102e+00
145.40450 9.85220 1.6513628084e+01 -1.9469559649e+00
146.83020 -65.11280 1.3407522751e+01 1.7730793624e-01
146.83020 -65.11280 1.3747984713e+01 -7.6067313415e-02
147.75900 -46.97510 1.4952527539e+01 6.8948525165e-01
147.79320 -62.78630 1.5633726412e+01 2.1017977129e-01
147.91720 -46.23510 1.1933386867e+01 2.5352166231e+00
148.00420 -46.58890 1.4955412749e+01 -6.5840524107e-01
149.29260 -54.60960 1.3712364151e+01 2.2293362748e-01
149.29260 -54.60960 1.3821305332e+01 1.1447037214e-01
149.29260 -54.60960 1.6416249937e+01 -1.2909135368e+00
150.57020 -60.46330 1.7397940869e+01 -2.1295393819e+00
152.63150 -12.85920 1.5428747684e+01 2.5418814627e-01
152.63150 -12.85920 1.5410307810e+01 1.0812212539e-01
152.75420 -12.39740 1.4343745329e+01 -9.1223241470e-02
153.45100 -51.79930 1.4696256969e+01 -7.8866048661e-01
153.77650 -42.16560 1.4279677818e+01 -3.4419681292e-01
153.77650 -42.16560 1.2853404537e+01 1.0344835158e+00
154.34420 -61.37620 1.4221444786e+01 3.5299053217e-02
154.34420 -61.37620 1.4039928704e+01 2.0067445348e-01
154.34420 -61.37620 1.4270249309e+01 -5.5698883277e-03
154.34420 -61.37620 1.5248670417e+01 -6.6144144082e-01
154.98570 -55.07340 1.5183415169e+01 3.3033475684e-01
156.32760 -58.62090 1.6665586158e+01 -1.5477890227e-01
156.32760 -58.62090 1.6660802542e+01 -1.7357963050e-01
156.32760 -58.62090 9.2584584940e+00 4.6260841462e+00
156.62880 -16.88100 1.2299506509e+01 1.8985150383e+00
156.88840 -31.11260 1.1734981769e+01 2.6135965720e+00
157.05040 -58.78420 1.6112654926e+01 -1.5973771951e+00
158.08430 -61.73050 1.3136344905e+01 9.0178258091e-01
158.28160 -58.71200 1.5380355187e+01 8.8675313857e-01
158.98160 -57.60310 1.4521210925e+01 5.4920913607e-01
159.16800 -59.60990 8.8644804867e+00 5.3986988536e+00
159.41840 -48.27120 1.4311720251e+01 -3.5924772185e-01
159.41840 -48.27120 1.4009323508e+01 -3.5214929085e-02
159.41840 -48.27120 1.4597766463e+01 1.1328580320e+00
159.49660 -13.43010 1.6344655488e+01 -4.5387728045e-01
159.83270 -58.86260 1.1794380684e+01 3.5999449856e+00
159.91420 -55.64900 1.4451437016e+01 1.2565642452e+00
160.63700 -64.51240 1.6514888876e+01 -2.5818440607e-02
160.75410 -59.26170 1.7563745031e+01 -2.3584915316e+00
160.81780 -64.44040 1.6337595221e+01 -7.9846998832e-01
160.96840 -60.61270 1.5925978017e+01 6.1577113075e-02
161.04250 -64.29510 1.6585349218e+01 3.2331410123e-01
161.10850 -64.00710 1.6519212296e+01 -1.9224892284e-01
161.10850 -64.00710 1.6818271413e+01 -5.6423717033e-02
161.70350 -64.30950 1.3855705581e+01 3.5129132177e-01
161.78670 -49.46650 1.3797875935e+01 9.6459392167e-02
161.78670 -49.46650 1.3139848934e+01 1.7017901716e+00
161.79370 -64.42970 1.1877001796e+01 3.4708414058e+00
162.10870 -59.96550 1.7137589566e+01 8.5893930149e-02
162.10870 -59.96550 1.7439557834e+01 -1.1434414949e-01
162.10870 -59.96550 1.7204623690e+01 3.5252194940e-02
162.10870 -59.96550 1.6955484721e+01 -7.0542026640e-02
162.43900 -59.37020 1.4571619093e+01 1.4140770754e+00
162.51400 -16.24010 1.4434293219e+01 -4.5871222023e-01
162.51400 -16.24010 1.3270042641e+01 8.5549009179e-01
165.05150 -18.34580 1.4829523712e+01 -7.8069851446e-01
165.13930 -42.27290 1.5094795200e+01 -1.0068221766e+00
165.13930 -42.27290 1.4719919698e+01 2.3309004784e-01
168.24460 -60.36530 1.4616068077e+01 -5.9792869387e-01
168.67470 15.38180 1.5135252860e+01 -1.1002904794e+00
169.94500 -14.82650 1.4228735727e+01 -2.6647710777e-01
169.94500 -14.82650 1.4090384398e+01 -1.4772176938e-01
170.35230 -54.53900 1.3433282349e+01 4.5218809881e-01
170.35230 -54.53900 1.8455474186e+01 -3.6268378116e+00
171.33020 -17.73220 1.4957615475e+01 1.2566235960e-01
171.47950 -36.11120 7.8582497471e+00 6.1156402085e+00
173.35900 -31.90600 9.5996107958e+00 4.9083072649e+00
173.91180 -47.42100 2.3305309371e+01 -7.4729618441e+00
174.04740 -63.06830 1.3923509803e+01 5.4878555817e-02
174.04740 -63.06830 1.4701398284e+01 1.4424552564e-01
174.19630 -61.10090 1.5378887938e+01 6.8096368602e-01
174.35540 -61.33190 1.6235359419e+01 -1.8905528831e-01
174.35540 -61.33190 1.3764045115e+01 1.6061043390e+00
174.49850 -47.79580 1.4350528335e+01 1.0492403030e+00
174.63390 -61.87510 1.5577374229e+01 -9.5883535207e-03
175.32800 -62.13860 1.5647798440e+01 -2.1535022514e-01
175.98540 -62.53800 1.5149673731e+01 3.0184520912e-02
176.50680 -66.77740 1.4753732588e+01 -5.5718546517e-01
176.50680 -66.77740 1.3631905006e+01 3.2720296800e-01
176.57720 6.48080 1.5941413103e+01 -1.3286682092e+00
176.73540 -61.22700 1.3608385549e+01 7.7581571719e-01
176.73540 -61.22700 1.2889188693e+01 1.5201092646e+00
177.16690 -66.86360 1.5741537376e+01 -3.4543845713e-01
177.16690 -66.86360 1.6214023913e+01 -7.1114200231e-01
177.16690 -66.86360 1.6140540866e+01 -6.6119083928e-01
177.16690 -66.86360 2.0059699085e+01 -4.0523614032e+00
177.37760 14.52340 2.4355213383e+01 -7.2523604969e+00
177.72190 -62.69800 7.3297569365e+00 5.4722640958e+00
177.78600 1.71610 1.4053054396e+01 2.6562812683e-01
180.86970 -63.36160 1.6204220846e+01 -7.4244314858e-01
182.13600 -50.71000 1.5530047622e+01 6.3359442209e-02
182.13600 -50.71000 1.3550743312e+01 5.5640154266e-01
182.20390 -50.77110 1.3708568053e+01 2.4635169166e-02
182.20390 -50.77110 1.3847756237e+01 1.0980413217e-02
182.64420 -22.66840 1.4071713725e+01 -1.2391621760e-01
183.90380 -58.79750 1.4022833707e+01 -4.0318317460e-01
183.90380 -58.79750 1.3644530524e+01 -8.8824672706e-02
183.90380 -58.79750 1.3383858870e+01 6.8872400474e-02
184.06470 -17.59050 1.3500191059e+01 -4.6214957334e-02
184.06470 -17.59050 9.5431726185e+00 3.8083203212e+00
184.51430 -68.00930 1.2763692824e+01 1.2628231020e+00
184.78010 -0.83570 1.4238337790e+01 1.0171418189e+00
185.08860 -0.71530 1.3763415612e+01 2.4176225093e-01
185.46020 -60.44960 1.4220477615e+01 -5.4645866502e-02
185.46020 -60.44960 1.4036134013e+01 1.2413425888e+00
186.77290 -63.14750 1.2948832513e+01 -5.6693655257e-02
186.77290 -63.14750 1.3699419630e+01 8.4042985839e-02
187.59760 -56.57320 1.7513484276e+01 2.5326673583e-01
187.59760 -56.57320 1.1398922559e+01 2.0219296058e+00
187.91390 -57.16150 3.2823849037e+00 9.9046697043e+00
188.10960 -63.55410 9.0676806694e+00 5.6876735625e+00
188.13170 -16.24420 1.2219007417e+01 1.5442688125e+00
188.71210 -23.44490 1.4153021939e+01 -3.4023113329e-01
189.54690 -48.58930 1.2802052699e+01 1.0279558828e+00
190.08810 -40.03530 1.3515551947e+01 1.2306203826e-01
190.50160 -49.00780 1.3477846268e+01 1.5667863417e-01
190.52750 -1.49730 1.3695390109e+01 -2.6865314894e-02
190.52750 -1.49730 1.5690566262e+01 4.4989985902e-01
190.77020 -48.86100 1.6407327789e+01 1.5772805064e-01
191.70660 -68.15580 1.3650650280e+01 -7.2489238951e-02
192.05970 -59.73640 1.2553257088e+01 4.8145512526e-01
192.05970 -59.73640 1.2424318760e+01 6.1663209652e-01
192.05970 -59.73640 1.6772099042e+01 -1.5499300118e+00
192.95610 -60.37730 1.3034217512e+01 2.7120328277e+00
192.95610 -60.37730 1.1709976618e+01 3.3364597634e+00
193.47320 -60.37590 1.3386513665e+01 2.2578650329e+00
193.48080 -40.22620 1.2872591079e+01 2.7092716533e+00
193.58600 -60.42360 7.9102492758e+00 5.5765152125e+00
193.77840 -57.22520 1.4131958500e+01 -1.9407718212e-02
193.78370 -57.21600 1.4986520625e+01 1.4768043261e-01
193.78370 -57.21600 1.5143060571e+01 1.9713773564e-02
193.78370 -57.21600 1.4539771839e+01 -2.1441410167e-01
194.01230 3.35020 1.3877104549e+01 1.5367746958e-01
194.01230 3.35020 1.8165298165e+01 -2.4431477012e+00
194.11830 -56.88310 1.0626307670e+01 4.2238030504e+00
194.28140 -72.23240 1.3455605514e+01 2.4677610953e-01
195.65370 10.91220 1.3658048121e+01 9.5470078109e-02
195.65370 10.91220 1.6478792868e+01 -1.5080033471e+00
196.01660 -49.57410 1.2646361905e+01 1.5962755144e+00
197.17310 -65.35260 9.8417966366e+00 4.1342262742e+00
199.84960 -23.21730 1.3723257976e+01 9.2163937881e-02
199.84960 -23.21730 1.3771693509e+01 2.8972500759e-02
200.27390 -36.75800 1.3617451546e+01 -1.5966922823e-02
200.27390 -36.75800 1.0122073691e+01 3.6388130600e+00
201.41380 -11.20670 1.2124105889e+01 1.2252822042e+00
202.88870 -39.45220 1.4228940571e+01 -1.4030088721e-01
202.88870 -39.45220 1.3845408834e+01 2.2336726015e-01
202.88870 -39.45220 1.5024127345e+01 -1.0207108218e+00
203.78560 -0.64040 1.3327107709e+01 1.3503290858e-01
205.11180 -53.51050 1.3366569558e+01 1.0603898012e-01
205.11180 -53.51050 1.5336831562e+01 -1.2880723941e+00
207.50820 -41.73090 1.3044204896e+01 4.1484254495e-01
207.50820 -41.73090 1.3439893295e+01 1.7533250048e-01
207.53680 -42.51690 1.3820769435e+01 -6.0601896797e-02
207.53680 -42.51690 1.3091580051e+01 1.4549441828e+00
208.40850 17.89000 1.4840102315e+01 9.6384299491e-01
208.62570 -47.17090 1.8035555344e+01 -1.4970033840e+00
209.02260 -47.33100 1.3955297293e+01 -3.0482891406e-01
209.02260 -47.33100 1.3581482317e+01 -5.3321542167e-03
209.02260 -47.33100 1.6880422699e+01 -2.6614633079e+00
211.11210 -60.41480 1.1130667102e+01 1.3482367594e+00
211.11210 -60.41480 1.1321582565e+01 1.2595389824e+00
211.11210 -60.41480 1.1140739485e+01 1.3788375321e+00
211.11210 -60.41480 1.1117791786e+01 1.4091726468e+00
211.11210 -60.41480 1.7565154557e+01 -3.3474539900e+00
211.71780 -26.72380 1.3831663964e+01 1.0006237204e-01
211.71780 -26.72380 1.3910256384e+01 1.9275505073e-02
211.71780 -26.72380 1.3440551797e+01 3.0465293651e-01
211.80160 -36.41140 1.3212926688e+01 4.3965437119e-01
211.80160 -36.41140 1.5281328481e+01 -8.1036303749e-01
213.46690 -53.70630 1.3809643988e+01 1.5146463141e-01
214.99200 -46.09800 1.2359190001e+01 1.6361539597e+00
216.67560 -45.26050 1.4020716190e+01 5.5192363211e-01
216.67560 -45.26050 1.4090031989e+01 4.9126498710e-01
216.67560 -45.26050 1.3828174204e+01 6.1209278966e-01
216.68660 -45.41840 1.4011366607e+01 3.9620421147e-01
216.68660 -45.41840 1.1707915686e+01 2.7161778153e+00
217.67810 -45.35990 1.3566858239e+01 -4.0473790373e-02
219.01660 -42.19570 2.1290157799e+01 -4.0411906275e+00
219.02040 -41.55530 1.5888886002e+01 -8.2589038937e-01
220.06440 -60.87450 1.0930700961e+01 1.9013782410e+00
220.07030 -60.87130 1.4328804638e+01 -6.7464267693e-01
220.62880 -47.42520 1.3470090569e+01 2.9547510629e-02
220.62880 -47.42520 1.3286283271e+01 1.6378750920e-01
220.62880 -47.42520 1.3308486873e+01 3.2857289618e-01
220.80690 -65.01210 1.4825017098e+01 -4.2608768228e-01
221.38150 -35.22840 1.2232351149e+01 2.6030083749e+00
221.97170 -25.66050 1.5795098872e+01 2.0830952576e-01
222.84120 -16.07750 1.3444362623e+01 1.4846498670e-01
224.77720 -43.16860 1.3465166403e+01 9.2075904599e-02
224.93350 -42.13870 1.3463452747e+01 1.9672802010e-01
226.14620 -25.31570 1.3759309866e+01 2.6911336476e-01
226.14620 -25.31570 1.3632501117e+01 4.4160567681e-01
228.13710 -48.77040 1.3504361178e+01 4.4744940927e-01
228.13710 -48.77040 1.3268320684e+01 1.0019619116e+00
228.14370 -48.77620 1.5151062638e+01 5.7803697740e-01
228.14370 -48.77620 1.8215009808e+01 -1.8914802688e+00
228.22990 -52.13170 1.3792171101e+01 2.2127904689e-01
228.22990 -52.13170 1.6127032996e+01 -1.2543209844e+00
229.78660 -47.90680 1.5720088155e+01 -3.3191472899e-02
229.87910 -40.81970 1.5971923940e+01 -1.1397340265e+00
230.48730 -40.67860 1.3630438178e+01 8.9518394301e-02
230.48730 -40.67860 1.3353851048e+01 2.4449099413e-01
230.48730 -40.67860 1.4266416270e+01 -9.4413346001e-03
230.60500 -48.34860 1.4914167708e+01 7.6194930819e-01
230.68830 -47.95870 1.4922440035e+01 3.3421544684e-01
230.68830 -47.95870 4.2167088872e+00 8.1547768865e+00
230.81970 -44.72040 1.3476971286e+01 1.5225183405e-01
230.81970 -44.72040 1.7215987872e+01 -2.0987923999e+00
230.92940 -36.88920 1.4217319278e+01 5.4997148480e-01
231.02020 -59.35150 1.5334099979e+01 3.0771245354e-01
233.78850 -28.07580 1.3171338834e+01 1.4822906387e+00
233.93170 -41.19550 1.3635442826e+01 8.6150625351e-02
234.38930 -28.16350 1.4286204983e+01 -4.3084946283e-02
236.17450 6.39850 1.4764721174e+01 -1.1132915078e-01
237.92930 -3.11640 7.9666377247e+00 4.1315321968e+00
239.77680 -24.85610 1.3642568300e+01 5.3146163474e-03
240.17610 -38.42100 1.3344194333e+01 4.2303826448e-01
240.21310 -22.64600 1.3984481312e+01 1.8270251516e-01
240.99690 -38.62620 1.5762818452e+01 -2.9809086577e-01
241.48680 -19.82880 1.3315244408e+01 2.0536612907e-01
241.48680 -19.82880 1.3049601106e+01 3.2889244096e-01
241.48680 -19.82880 1.3345793162e+01 1.5561953837e-01
241.48680 -19.82880 1.3665707291e+01 -6.5074310101e-02
241.48680 -19.82880 1.5305553517e+01 2.8771589903e-01
241.48810 -19.82520 1.6113219848e+01 -8.8232385871e-02
241.48810 -19.82520 1.5831153696e+01 6.2043910113e-02
241.79230 -36.82540 1.3062078172e+01 9.4438591448e-01
241.83010 -20.69220 1.4171975481e+01 4.1593763257e-01
243.54320 -54.65220 1.5591032857e+01 1.3466477282e-01
243.54320 -54.65220 1.9600056034e+01 -2.8321028838e+00
243.70130 -3.71590 1.4405360984e+01 -2.4213091715e-02
244.35240 -53.83230 1.5118590190e+01 7.1664640512e-01
244.41840 -50.08920 1.5833590165e+01 -4.1730545990e-01
244.69610 -4.71340 1.5923444349e+01 -1.0270654239e+00
245.28080 -55.16010 4.0807118992e+00 7.1801124035e+00
245.43050 -25.61310 1.4593987617e+01 -6.2593810535e-01
247.48640 -26.45070 1.3507608899e+01 4.7866642763e-01
247.48640 -26.45070 1.3389730199e+01 5.1407435209e-01
249.10710 -28.23340 1.2911401489e+01 3.7100001590e-01
249.41030 -10.58430 1.2889568056e+01 3.6886628897e-01
252.68470 -34.30780 1.3493000918e+01 2.1927969386e-01
252.68470 -34.30780 1.3778769174e+01 1.4493654007e-01
252.68470 -34.30780 1.4289817178e+01 3.9251506756e-02
